360.0000000 0.6494097 0.6494116 0.6494179
360.1000000 0.6496911 0.6496930 0.6496993
360.2000000 0.6499751 0.6499762 0.6499799
360.3000000 0.6502568 0.6502568 0.6502568
360.4000000 0.6505182 0.6505182 0.6505182
360.5000000 0.6508001 0.6508001 0.6508001
360.6000000 0.6510882 0.6510882 0.6510882
360.7000000 0.6513760 0.6513760 0.6513760
360.8000000 0.6516993 0.6517006 0.6517048
360.9000000 0.6520160 0.6520173 0.6520214
361.0000000 0.6523266 0.6523268 0.6523272
361.1000000 0.6526564 0.6526579 0.6526627
361.2000000 0.6529887 0.6529906 0.6529967
361.3000000 0.6533290 0.6533304 0.6533353
361.4000000 0.6536875 0.6536877 0.6536883
361.5000000 0.6540304 0.6540304 0.6540304
361.6000000 0.6543871 0.6543876 0.6543892
361.7000000 0.6547651 0.6547666 0.6547716
361.8000000 0.6551281 0.6551286 0.6551300
361.9000000 0.6554945 0.6554945 0.6554945
362.0000000 0.6558635 0.6558635 0.6558635
362.1000000 0.6562347 0.6562349 0.6562349
362.2000000 0.6565912 0.6565912 0.6565912
362.3000000 0.6569537 0.6569539 0.6569539
362.4000000 0.6573371 0.6573379 0.6573379
362.5000000 0.6576787 0.6576790 0.6576790
362.6000000 0.6580257 0.6580257 0.6580257
362.7000000 0.6583825 0.6583825 0.6583825
362.8000000 0.6587460 0.6587465 0.6587467
362.9000000 0.6590922 0.6590926 0.6590927
363.0000000 0.6594284 0.6594285 0.6594288
363.1000000 0.6597619 0.6597624 0.6597641
363.2000000 0.6600883 0.6600889 0.6600908
363.3000000 0.6604130 0.6604135 0.6604152
363.4000000 0.6607375 0.6607380 0.6607396
363.5000000 0.6610503 0.6610504 0.6610509
363.6000000 0.6613710 0.6613712 0.6613716
363.7000000 0.6616966 0.6616969 0.6616981
363.8000000 0.6619986 0.6619987 0.6619990
363.9000000 0.6623107 0.6623109 0.6623113
364.0000000 0.6626201 0.6626203 0.6626212
364.1000000 0.6629075 0.6629075 0.6629076
364.2000000 0.6631874 0.6631874 0.6631874
364.3000000 0.6634752 0.6634752 0.6634752
364.4000000 0.6637774 0.6637777 0.6637778
364.5000000 0.6640660 0.6640662 0.6640667
364.6000000 0.6643520 0.6643522 0.6643528
364.7000000 0.6646360 0.6646362 0.6646367
364.8000000 0.6649198 0.6649199 0.6649200
364.9000000 0.6652204 0.6652205 0.6652207
365.0000000 0.6655237 0.6655238 0.6655242
365.1000000 0.6658111 0.6658111 0.6658112
365.2000000 0.6660887 0.6660887 0.6660887
365.3000000 0.6663778 0.6663778 0.6663778
365.4000000 0.6666887 0.6666887 0.6666887
365.5000000 0.6670017 0.6670018 0.6670020
365.6000000 0.6672964 0.6672965 0.6672968
365.7000000 0.6675739 0.6675740 0.6675743
365.8000000 0.6678523 0.6678524 0.6678527
365.9000000 0.6681347 0.6681348 0.6681349
366.0000000 0.6684169 0.6684169 0.6684169
366.1000000 0.6686900 0.6686900 0.6686900
366.2000000 0.6689628 0.6689628 0.6689628
366.3000000 0.6692353 0.6692353 0.6692353
366.4000000 0.6695076 0.6695076 0.6695076
366.5000000 0.6697795 0.6697795 0.6697795
366.6000000 0.6700512 0.6700512 0.6700512
366.7000000 0.6703233 0.6703233 0.6703233
366.8000000 0.6706161 0.6706161 0.6706162
366.9000000 0.6708983 0.6708983 0.6708984
367.0000000 0.6711724 0.6711725 0.6711726
367.1000000 0.6714427 0.6714427 0.6714428
367.2000000 0.6717127 0.6717127 0.6717128
367.3000000 0.6719824 0.6719824 0.6719825
367.4000000 0.6722519 0.6722519 0.6722520
367.5000000 0.6725210 0.6725210 0.6725211
367.6000000 0.6727899 0.6727899 0.6727900
367.7000000 0.6730586 0.6730586 0.6730587
367.8000000 0.6733269 0.6733269 0.6733269
367.9000000 0.6735949 0.6735949 0.6735950
368.0000000 0.6738628 0.6738628 0.6738628
368.1000000 0.6741302 0.6741302 0.6741303
368.2000000 0.6743974 0.6743974 0.6743975
368.3000000 0.6746644 0.6746644 0.6746645
368.4000000 0.6749311 0.6749311 0.6749311
368.5000000 0.6751974 0.6751974 0.6751975
368.6000000 0.6754636 0.6754636 0.6754636
368.7000000 0.6757294 0.6757294 0.6757295
368.8000000 0.6759950 0.6759950 0.6759950
368.9000000 0.6762603 0.6762603 0.6762603
369.0000000 0.6765253 0.6765253 0.6765254
369.1000000 0.6767900 0.6767900 0.6767901
369.2000000 0.6770545 0.6770545 0.6770545
369.3000000 0.6773187 0.6773187 0.6773188
369.4000000 0.6775826 0.6775826 0.6775827
369.5000000 0.6778462 0.6778462 0.6778463
369.6000000 0.6781096 0.6781096 0.6781097
369.7000000 0.6783727 0.6783727 0.6783728
369.8000000 0.6786355 0.6786355 0.6786356
369.9000000 0.6788981 0.6788981 0.6788981
370.0000000 0.6791604 0.6791604 0.6791604
370.1000000 0.6794223 0.6794223 0.6794224
370.2000000 0.6796841 0.6796841 0.6796841
370.3000000 0.6799456 0.6799456 0.6799456
370.4000000 0.6802067 0.6802067 0.6802068
370.5000000 0.6804676 0.6804676 0.6804677
370.6000000 0.6807283 0.6807283 0.6807284
370.7000000 0.6809886 0.6809886 0.6809887
370.8000000 0.6812487 0.6812487 0.6812488
370.9000000 0.6815086 0.6815086 0.6815087
371.0000000 0.6817681 0.6817681 0.6817682
371.1000000 0.6820274 0.6820274 0.6820275
371.2000000 0.6822865 0.6822865 0.6822865
371.3000000 0.6825452 0.6825452 0.6825453
371.4000000 0.6828037 0.6828037 0.6828037
371.5000000 0.6830619 0.6830619 0.6830620
371.6000000 0.6833199 0.6833199 0.6833199
371.7000000 0.6835775 0.6835775 0.6835776
371.8000000 0.6838349 0.6838349 0.6838350
371.9000000 0.6840921 0.6840921 0.6840922
372.0000000 0.6843489 0.6843489 0.6843490
372.1000000 0.6846055 0.6846055 0.6846056
372.2000000 0.6848619 0.6848619 0.6848620
372.3000000 0.6851179 0.6851179 0.6851180
372.4000000 0.6853737 0.6853737 0.6853738
372.5000000 0.6856293 0.6856293 0.6856294
372.6000000 0.6858845 0.6858845 0.6858846
372.7000000 0.6861395 0.6861395 0.6861396
372.8000000 0.6863943 0.6863943 0.6863944
372.9000000 0.6866488 0.6866488 0.6866488
373.0000000 0.6869029 0.6869029 0.6869030
373.1000000 0.6871569 0.6871569 0.6871570
373.2000000 0.6874106 0.6874106 0.6874107
373.3000000 0.6876640 0.6876640 0.6876641
373.4000000 0.6879172 0.6879172 0.6879173
373.5000000 0.6881702 0.6881702 0.6881703
373.6000000 0.6884076 0.6884076 0.6884076
373.7000000 0.6886452 0.6886452 0.6886452
373.8000000 0.6888897 0.6888897 0.6888897
373.9000000 0.6891406 0.6891406 0.6891406
374.0000000 0.6893921 0.6893921 0.6893921
374.1000000 0.6896435 0.6896435 0.6896435
374.2000000 0.6898945 0.6898945 0.6898945
374.3000000 0.6901452 0.6901452 0.6901452
374.4000000 0.6903958 0.6903958 0.6903958
374.5000000 0.6906460 0.6906460 0.6906460
374.6000000 0.6908959 0.6908959 0.6908959
374.7000000 0.6911457 0.6911457 0.6911457
374.8000000 0.6913951 0.6913951 0.6913951
374.9000000 0.6916420 0.6916420 0.6916421
375.0000000 0.6918860 0.6918861 0.6918863
375.1000000 0.6921226 0.6921227 0.6921229
375.2000000 0.6923669 0.6923670 0.6923673
375.3000000 0.6926092 0.6926093 0.6926095
375.4000000 0.6928277 0.6928278 0.6928278
375.5000000 0.6930660 0.6930660 0.6930660
375.6000000 0.6933121 0.6933121 0.6933121
375.7000000 0.6935592 0.6935592 0.6935592
375.8000000 0.6937979 0.6937980 0.6937982
375.9000000 0.6940309 0.6940310 0.6940314
376.0000000 0.6942563 0.6942563 0.6942564
376.1000000 0.6944857 0.6944857 0.6944857
376.2000000 0.6947213 0.6947213 0.6947213
376.3000000 0.6949669 0.6949669 0.6949669
376.4000000 0.6951979 0.6951981 0.6951985
376.5000000 0.6954208 0.6954209 0.6954215
376.6000000 0.6956345 0.6956345 0.6956345
376.7000000 0.6958663 0.6958665 0.6958671
376.8000000 0.6960940 0.6960942 0.6960948
376.9000000 0.6963150 0.6963150 0.6963150
377.0000000 0.6965397 0.6965399 0.6965406
377.1000000 0.6967531 0.6967534 0.6967541
377.2000000 0.6969555 0.6969555 0.6969555
377.3000000 0.6971752 0.6971755 0.6971765
377.4000000 0.6973833 0.6973836 0.6973845
377.5000000 0.6975824 0.6975824 0.6975824
377.6000000 0.6977976 0.6977976 0.6977976
377.7000000 0.6980065 0.6980065 0.6980065
377.8000000 0.6982116 0.6982117 0.6982118
377.9000000 0.6984225 0.6984230 0.6984245
378.0000000 0.6986254 0.6986261 0.6986282
378.1000000 0.6988229 0.6988235 0.6988256
378.2000000 0.6990174 0.6990175 0.6990181
378.3000000 0.6992173 0.6992176 0.6992188
378.4000000 0.6994210 0.6994218 0.6994245
378.5000000 0.6996288 0.6996297 0.6996325
378.6000000 0.6998239 0.6998244 0.6998259
378.7000000 0.7000184 0.7000185 0.7000189
378.8000000 0.7002345 0.7002353 0.7002378
378.9000000 0.7004372 0.7004377 0.7004393
379.0000000 0.7006351 0.7006351 0.7006351
379.1000000 0.7008355 0.7008355 0.7008355
379.2000000 0.7010442 0.7010442 0.7010442
379.3000000 0.7012569 0.7012569 0.7012569
379.4000000 0.7014732 0.7014732 0.7014732
379.5000000 0.7016980 0.7016986 0.7017006
379.6000000 0.7019175 0.7019185 0.7019216
379.7000000 0.7021165 0.7021166 0.7021172
379.8000000 0.7023423 0.7023430 0.7023448
379.9000000 0.7025741 0.7025754 0.7025789
380.0000000 0.7028030 0.7028042 0.7028082
380.1000000 0.7030402 0.7030415 0.7030455
380.2000000 0.7032802 0.7032812 0.7032844
380.3000000 0.7035216 0.7035218 0.7035222
380.4000000 0.7037798 0.7037805 0.7037827
380.5000000 0.7040360 0.7040372 0.7040411
380.6000000 0.7042811 0.7042823 0.7042862
380.7000000 0.7045376 0.7045381 0.7045398
380.8000000 0.7047988 0.7047988 0.7047988
380.9000000 0.7050647 0.7050647 0.7050647
381.0000000 0.7053301 0.7053301 0.7053301
381.1000000 0.7055892 0.7055892 0.7055892
381.2000000 0.7058375 0.7058375 0.7058375
381.3000000 0.7061145 0.7061145 0.7061145
381.4000000 0.7063968 0.7063970 0.7063978
381.5000000 0.7066810 0.7066818 0.7066844
381.6000000 0.7069556 0.7069560 0.7069572
381.7000000 0.7072230 0.7072230 0.7072230
381.8000000 0.7074810 0.7074810 0.7074810
381.9000000 0.7077644 0.7077644 0.7077644
382.0000000 0.7080467 0.7080469 0.7080474
382.1000000 0.7083221 0.7083227 0.7083246
382.2000000 0.7085752 0.7085755 0.7085763
382.3000000 0.7088371 0.7088373 0.7088377
382.4000000 0.7091172 0.7091177 0.7091193
382.5000000 0.7093863 0.7093868 0.7093884
382.6000000 0.7096502 0.7096506 0.7096522
382.7000000 0.7099081 0.7099086 0.7099101
382.8000000 0.7101598 0.7101600 0.7101606
382.9000000 0.7104163 0.7104164 0.7104167
383.0000000 0.7106813 0.7106817 0.7106828
383.1000000 0.7109299 0.7109301 0.7109306
383.2000000 0.7111793 0.7111794 0.7111796
383.3000000 0.7114332 0.7114335 0.7114344
383.4000000 0.7116770 0.7116771 0.7116775
383.5000000 0.7119246 0.7119247 0.7119249
383.6000000 0.7121807 0.7121809 0.7121816
383.7000000 0.7124278 0.7124279 0.7124282
383.8000000 0.7126666 0.7126666 0.7126666
383.9000000 0.7128933 0.7128933 0.7128933
384.0000000 0.7131281 0.7131281 0.7131281
384.1000000 0.7133707 0.7133707 0.7133708
384.2000000 0.7136249 0.7136250 0.7136255
384.3000000 0.7138619 0.7138620 0.7138625
384.4000000 0.7140932 0.7140933 0.7140937
384.5000000 0.7143198 0.7143198 0.7143198
384.6000000 0.7145450 0.7145450 0.7145450
384.7000000 0.7147804 0.7147804 0.7147805
384.8000000 0.7150372 0.7150373 0.7150376
384.9000000 0.7152667 0.7152668 0.7152671
385.0000000 0.7154908 0.7154910 0.7154913
385.1000000 0.7157164 0.7157165 0.7157168
385.2000000 0.7159489 0.7159490 0.7159492
385.3000000 0.7161810 0.7161810 0.7161812
385.4000000 0.7164079 0.7164079 0.7164079
385.5000000 0.7166316 0.7166316 0.7166316
385.6000000 0.7168544 0.7168544 0.7168544
385.7000000 0.7170769 0.7170769 0.7170769
385.8000000 0.7172991 0.7172991 0.7172991
385.9000000 0.7175259 0.7175259 0.7175260
386.0000000 0.7177673 0.7177674 0.7177675
386.1000000 0.7179995 0.7179996 0.7179997
386.2000000 0.7182266 0.7182266 0.7182267
386.3000000 0.7184471 0.7184471 0.7184471
386.4000000 0.7186678 0.7186678 0.7186678
386.5000000 0.7188884 0.7188884 0.7188885
386.6000000 0.7191088 0.7191088 0.7191089
386.7000000 0.7193290 0.7193290 0.7193290
386.8000000 0.7195490 0.7195490 0.7195490
386.9000000 0.7197687 0.7197687 0.7197687
387.0000000 0.7199882 0.7199882 0.7199882
387.1000000 0.7202075 0.7202075 0.7202075
387.2000000 0.7204264 0.7204264 0.7204265
387.3000000 0.7206452 0.7206452 0.7206453
387.4000000 0.7208638 0.7208638 0.7208639
387.5000000 0.7210821 0.7210821 0.7210822
387.6000000 0.7213002 0.7213002 0.7213003
387.7000000 0.7215182 0.7215182 0.7215182
387.8000000 0.7217358 0.7217358 0.7217358
387.9000000 0.7219532 0.7219532 0.7219532
388.0000000 0.7221704 0.7221704 0.7221705
388.1000000 0.7223873 0.7223873 0.7223874
388.2000000 0.7226040 0.7226040 0.7226041
388.3000000 0.7228206 0.7228206 0.7228206
388.4000000 0.7230368 0.7230368 0.7230369
388.5000000 0.7232529 0.7232529 0.7232529
388.6000000 0.7234687 0.7234687 0.7234688
388.7000000 0.7236843 0.7236843 0.7236843
388.8000000 0.7238996 0.7238996 0.7238997
388.9000000 0.7241148 0.7241148 0.7241149
389.0000000 0.7243297 0.7243297 0.7243297
389.1000000 0.7245444 0.7245444 0.7245444
389.2000000 0.7247589 0.7247589 0.7247589
389.3000000 0.7249731 0.7249731 0.7249731
389.4000000 0.7251871 0.7251871 0.7251871
389.5000000 0.7254009 0.7254009 0.7254009
389.6000000 0.7256144 0.7256144 0.7256144
389.7000000 0.7258278 0.7258278 0.7258278
389.8000000 0.7260409 0.7260409 0.7260409
389.9000000 0.7262537 0.7262537 0.7262538
390.0000000 0.7264664 0.7264664 0.7264665
390.1000000 0.7266788 0.7266788 0.7266789
390.2000000 0.7268910 0.7268910 0.7268911
390.3000000 0.7271031 0.7271031 0.7271031
390.4000000 0.7273147 0.7273148 0.7273148
390.5000000 0.7275284 0.7275284 0.7275285
390.6000000 0.7277437 0.7277438 0.7277438
390.7000000 0.7279645 0.7279645 0.7279646
390.8000000 0.7281777 0.7281777 0.7281778
390.9000000 0.7283837 0.7283837 0.7283838
391.0000000 0.7285972 0.7285972 0.7285973
391.1000000 0.7288082 0.7288082 0.7288083
391.2000000 0.7290159 0.7290159 0.7290160
391.3000000 0.7292334 0.7292334 0.7292334
391.4000000 0.7294494 0.7294494 0.7294494
391.5000000 0.7296616 0.7296616 0.7296616
391.6000000 0.7298711 0.7298711 0.7298710
391.7000000 0.7300800 0.7300800 0.7300799
391.8000000 0.7302886 0.7302886 0.7302886
391.9000000 0.7304971 0.7304971 0.7304971
392.0000000 0.7307053 0.7307053 0.7307053
392.1000000 0.7309133 0.7309133 0.7309133
392.2000000 0.7311211 0.7311211 0.7311211
392.3000000 0.7313287 0.7313287 0.7313287
392.4000000 0.7315361 0.7315361 0.7315360
392.5000000 0.7317432 0.7317432 0.7317432
392.6000000 0.7319502 0.7319502 0.7319501
392.7000000 0.7321568 0.7321568 0.7321568
392.8000000 0.7323633 0.7323633 0.7323633
392.9000000 0.7325696 0.7325696 0.7325696
393.0000000 0.7327756 0.7327756 0.7327756
393.1000000 0.7329815 0.7329815 0.7329814
393.2000000 0.7331871 0.7331871 0.7331871
393.3000000 0.7333925 0.7333925 0.7333925
393.4000000 0.7335977 0.7335977 0.7335977
393.5000000 0.7338027 0.7338027 0.7338026
393.6000000 0.7340074 0.7340074 0.7340074
393.7000000 0.7342119 0.7342119 0.7342119
393.8000000 0.7344163 0.7344163 0.7344162
393.9000000 0.7346203 0.7346203 0.7346203
394.0000000 0.7348243 0.7348243 0.7348243
394.1000000 0.7350279 0.7350279 0.7350279
394.2000000 0.7352314 0.7352314 0.7352314
394.3000000 0.7354347 0.7354347 0.7354346
394.4000000 0.7356377 0.7356377 0.7356376
394.5000000 0.7358405 0.7358405 0.7358405
394.6000000 0.7360431 0.7360431 0.7360431
394.7000000 0.7362455 0.7362455 0.7362455
394.8000000 0.7364477 0.7364477 0.7364476
394.9000000 0.7366497 0.7366497 0.7366496
395.0000000 0.7368514 0.7368514 0.7368514
395.1000000 0.7370529 0.7370529 0.7370529
395.2000000 0.7372543 0.7372543 0.7372543
395.3000000 0.7374554 0.7374554 0.7374553
395.4000000 0.7376563 0.7376563 0.7376563
395.5000000 0.7378570 0.7378570 0.7378570
395.6000000 0.7380574 0.7380574 0.7380574
395.7000000 0.7382577 0.7382577 0.7382577
395.8000000 0.7384578 0.7384578 0.7384578
395.9000000 0.7386576 0.7386576 0.7386576
396.0000000 0.7388573 0.7388573 0.7388573
396.1000000 0.7390567 0.7390567 0.7390567
396.2000000 0.7392559 0.7392554 0.7392531
396.3000000 0.7394550 0.7394535 0.7394467
396.4000000 0.7396527 0.7396483 0.7396311
396.5000000 0.7398507 0.7398436 0.7398153
396.6000000 0.7400491 0.7400400 0.7400000
396.7000000 0.7402481 0.7402438 0.7402248
396.8000000 0.7404468 0.7404451 0.7404399
396.9000000 0.7406446 0.7406370 0.7406142
397.0000000 0.7408413 0.7408300 0.7407945
397.1000000 0.7410364 0.7410194 0.7409616
397.2000000 0.7412261 0.7411905 0.7410568
397.3000000 0.7414238 0.7413917 0.7412671
397.4000000 0.7416258 0.7416091 0.7415407
397.5000000 0.7418208 0.7417975 0.7417110
397.6000000 0.7420186 0.7420006 0.7419341
397.7000000 0.7422189 0.7422180 0.7422093
397.8000000 0.7424150 0.7424135 0.7424042
397.9000000 0.7426107 0.7426075 0.7425948
398.0000000 0.7428062 0.7428012 0.7427858
398.1000000 0.7430014 0.7429967 0.7429834
398.2000000 0.7431961 0.7431912 0.7431776
398.3000000 0.7433896 0.7433820 0.7433584
398.4000000 0.7435819 0.7435671 0.7435156
398.5000000 0.7437745 0.7437539 0.7436790
398.6000000 0.7439729 0.7439668 0.7439444
398.7000000 0.7441683 0.7441648 0.7441535
398.8000000 0.7443613 0.7443520 0.7443212
398.9000000 0.7445542 0.7445420 0.7444979
399.0000000 0.7447479 0.7447363 0.7446937
399.1000000 0.7449427 0.7449357 0.7449130
399.2000000 0.7451332 0.7451227 0.7450871
399.3000000 0.7453249 0.7453141 0.7452763
399.4000000 0.7455206 0.7455184 0.7455107
399.5000000 0.7457126 0.7457082 0.7456908
399.6000000 0.7459031 0.7458932 0.7458529
399.7000000 0.7460924 0.7460780 0.7460145
399.8000000 0.7462801 0.7462697 0.7462216
399.9000000 0.7464668 0.7464650 0.7464544
400.0000000 0.7466493 0.7466487 0.7466416
400.1000000 0.7468419 0.7468381 0.7468200
400.2000000 0.7470453 0.7470337 0.7469890
400.3000000 0.7472478 0.7472413 0.7472153
400.4000000 0.7474502 0.7474484 0.7474398
400.5000000 0.7476524 0.7476520 0.7476505
400.6000000 0.7478535 0.7478511 0.7478423
400.7000000 0.7480546 0.7480500 0.7480320
400.8000000 0.7482572 0.7482531 0.7482350
400.9000000 0.7484589 0.7484565 0.7484438
401.0000000 0.7486601 0.7486601 0.7486555
401.1000000 0.7488605 0.7488605 0.7488590
401.2000000 0.7490631 0.7490631 0.7490630
401.3000000 0.7492682 0.7492681 0.7492677
401.4000000 0.7494798 0.7494788 0.7494741
401.5000000 0.7496828 0.7496815 0.7496754
401.6000000 0.7498674 0.7498671 0.7498660
401.7000000 0.7500628 0.7500628 0.7500629
401.8000000 0.7502618 0.7502618 0.7502619
401.9000000 0.7504613 0.7504613 0.7504613
402.0000000 0.7506605 0.7506605 0.7506605
402.1000000 0.7508595 0.7508595 0.7508595
402.2000000 0.7510582 0.7510582 0.7510582
402.3000000 0.7512567 0.7512567 0.7512568
402.4000000 0.7514551 0.7514551 0.7514552
402.5000000 0.7516532 0.7516532 0.7516533
402.6000000 0.7518512 0.7518512 0.7518513
402.7000000 0.7520490 0.7520490 0.7520490
402.8000000 0.7522465 0.7522465 0.7522466
402.9000000 0.7524439 0.7524439 0.7524440
403.0000000 0.7526411 0.7526411 0.7526411
403.1000000 0.7528381 0.7528381 0.7528381
403.2000000 0.7530349 0.7530349 0.7530349
403.3000000 0.7532314 0.7532314 0.7532315
403.4000000 0.7534278 0.7534278 0.7534279
403.5000000 0.7536240 0.7536240 0.7536241
403.6000000 0.7538200 0.7538200 0.7538201
403.7000000 0.7540158 0.7540158 0.7540159
403.8000000 0.7542114 0.7542114 0.7542115
403.9000000 0.7544068 0.7544068 0.7544069
404.0000000 0.7546021 0.7546021 0.7546022
404.1000000 0.7547971 0.7547971 0.7547972
404.2000000 0.7549919 0.7549919 0.7549920
404.3000000 0.7551866 0.7551866 0.7551867
404.4000000 0.7553810 0.7553810 0.7553811
404.5000000 0.7555753 0.7555753 0.7555754
404.6000000 0.7557694 0.7557694 0.7557695
404.7000000 0.7559632 0.7559632 0.7559633
404.8000000 0.7561569 0.7561569 0.7561570
404.9000000 0.7563504 0.7563504 0.7563505
405.0000000 0.7565436 0.7565436 0.7565438
405.1000000 0.7567368 0.7567368 0.7567369
405.2000000 0.7569297 0.7569297 0.7569298
405.3000000 0.7571224 0.7571224 0.7571225
405.4000000 0.7573149 0.7573149 0.7573150
405.5000000 0.7575070 0.7575070 0.7575071
405.6000000 0.7576989 0.7576989 0.7576990
405.7000000 0.7578903 0.7578903 0.7578904
405.8000000 0.7580813 0.7580814 0.7580815
405.9000000 0.7582722 0.7582722 0.7582724
406.0000000 0.7584627 0.7584627 0.7584629
406.1000000 0.7586433 0.7586433 0.7586434
406.2000000 0.7588103 0.7588103 0.7588103
406.3000000 0.7589968 0.7589968 0.7589968
406.4000000 0.7591875 0.7591875 0.7591875
406.5000000 0.7593779 0.7593779 0.7593779
406.6000000 0.7595838 0.7595838 0.7595839
406.7000000 0.7597981 0.7597981 0.7597982
406.8000000 0.7600022 0.7600023 0.7600023
406.9000000 0.7602006 0.7602006 0.7602006
407.0000000 0.7603918 0.7603918 0.7603918
407.1000000 0.7605802 0.7605802 0.7605802
407.2000000 0.7607679 0.7607679 0.7607679
407.3000000 0.7609553 0.7609553 0.7609553
407.4000000 0.7611425 0.7611425 0.7611425
407.5000000 0.7613297 0.7613297 0.7613297
407.6000000 0.7615165 0.7615165 0.7615165
407.7000000 0.7617033 0.7617033 0.7617032
407.8000000 0.7618898 0.7618898 0.7618898
407.9000000 0.7620761 0.7620761 0.7620761
408.0000000 0.7622624 0.7622624 0.7622624
408.1000000 0.7624486 0.7624486 0.7624486
408.2000000 0.7626347 0.7626347 0.7626348
408.3000000 0.7628208 0.7628208 0.7628208
408.4000000 0.7630065 0.7630065 0.7630065
408.5000000 0.7631921 0.7631921 0.7631921
408.6000000 0.7633776 0.7633776 0.7633776
408.7000000 0.7635628 0.7635628 0.7635628
408.8000000 0.7637479 0.7637479 0.7637479
408.9000000 0.7639328 0.7639328 0.7639328
409.0000000 0.7641175 0.7641175 0.7641176
409.1000000 0.7643015 0.7643015 0.7643015
409.2000000 0.7644706 0.7644706 0.7644706
409.3000000 0.7646431 0.7646431 0.7646431
409.4000000 0.7648199 0.7648199 0.7648199
409.5000000 0.7650034 0.7650034 0.7650034
409.6000000 0.7651881 0.7651881 0.7651881
409.7000000 0.7653725 0.7653725 0.7653725
409.8000000 0.7655568 0.7655568 0.7655568
409.9000000 0.7657409 0.7657409 0.7657409
410.0000000 0.7659248 0.7659248 0.7659248
410.1000000 0.7661085 0.7661085 0.7661085
410.2000000 0.7662921 0.7662921 0.7662921
410.3000000 0.7664755 0.7664755 0.7664755
410.4000000 0.7666587 0.7666587 0.7666587
410.5000000 0.7668417 0.7668417 0.7668417
410.6000000 0.7670245 0.7670245 0.7670245
410.7000000 0.7672072 0.7672072 0.7672072
410.8000000 0.7673896 0.7673896 0.7673896
410.9000000 0.7675719 0.7675719 0.7675719
411.0000000 0.7677540 0.7677540 0.7677540
411.1000000 0.7679359 0.7679359 0.7679359
411.2000000 0.7681177 0.7681177 0.7681177
411.3000000 0.7682992 0.7682992 0.7682992
411.4000000 0.7684806 0.7684806 0.7684806
411.5000000 0.7686618 0.7686618 0.7686618
411.6000000 0.7688428 0.7688428 0.7688428
411.7000000 0.7690237 0.7690237 0.7690237
411.8000000 0.7692043 0.7692043 0.7692043
411.9000000 0.7693848 0.7693848 0.7693848
412.0000000 0.7695651 0.7695651 0.7695651
412.1000000 0.7697452 0.7697452 0.7697452
412.2000000 0.7699252 0.7699252 0.7699252
412.3000000 0.7701050 0.7701050 0.7701050
412.4000000 0.7702845 0.7702845 0.7702845
412.5000000 0.7704640 0.7704640 0.7704640
412.6000000 0.7706432 0.7706432 0.7706432
412.7000000 0.7708222 0.7708222 0.7708222
412.8000000 0.7710012 0.7710012 0.7710012
412.9000000 0.7711798 0.7711798 0.7711798
413.0000000 0.7713584 0.7713584 0.7713584
413.1000000 0.7715367 0.7715367 0.7715367
413.2000000 0.7717149 0.7717149 0.7717149
413.3000000 0.7718929 0.7718929 0.7718929
413.4000000 0.7720707 0.7720707 0.7720707
413.5000000 0.7722484 0.7722484 0.7722484
413.6000000 0.7724259 0.7724259 0.7724259
413.7000000 0.7726031 0.7726031 0.7726031
413.8000000 0.7727803 0.7727803 0.7727803
413.9000000 0.7729572 0.7729572 0.7729572
414.0000000 0.7731340 0.7731340 0.7731340
414.1000000 0.7733106 0.7733106 0.7733106
414.2000000 0.7734870 0.7734870 0.7734870
414.3000000 0.7736625 0.7736625 0.7736625
414.4000000 0.7738366 0.7738366 0.7738367
414.5000000 0.7740119 0.7740119 0.7740120
414.6000000 0.7741879 0.7741879 0.7741880
414.7000000 0.7743655 0.7743655 0.7743655
414.8000000 0.7745419 0.7745419 0.7745419
414.9000000 0.7747171 0.7747171 0.7747171
415.0000000 0.7748921 0.7748921 0.7748921
415.1000000 0.7750654 0.7750654 0.7750655
415.2000000 0.7752342 0.7752342 0.7752343
415.3000000 0.7754040 0.7754040 0.7754041
415.4000000 0.7755743 0.7755744 0.7755745
415.5000000 0.7757473 0.7757473 0.7757474
415.6000000 0.7759201 0.7759201 0.7759202
415.7000000 0.7760925 0.7760925 0.7760926
415.8000000 0.7762646 0.7762647 0.7762631
415.9000000 0.7764367 0.7764367 0.7764333
416.0000000 0.7766087 0.7766087 0.7766076
416.1000000 0.7767806 0.7767806 0.7767807
416.2000000 0.7769524 0.7769524 0.7769526
416.3000000 0.7771240 0.7771240 0.7771241
416.4000000 0.7772955 0.7772955 0.7772949
416.5000000 0.7774668 0.7774668 0.7774627
416.6000000 0.7776379 0.7776374 0.7776317
416.7000000 0.7778088 0.7778076 0.7778014
416.8000000 0.7779795 0.7779780 0.7779668
416.9000000 0.7781503 0.7781489 0.7781369
417.0000000 0.7783209 0.7783206 0.7783177
417.1000000 0.7784916 0.7784917 0.7784917
417.2000000 0.7786624 0.7786623 0.7786623
417.3000000 0.7788328 0.7788320 0.7788280
417.4000000 0.7789966 0.7789956 0.7789910
417.5000000 0.7791509 0.7791508 0.7791499
417.6000000 0.7793116 0.7793116 0.7793116
417.7000000 0.7794752 0.7794752 0.7794752
417.8000000 0.7796454 0.7796454 0.7796454
417.9000000 0.7798155 0.7798155 0.7798155
418.0000000 0.7799854 0.7799854 0.7799854
418.1000000 0.7801551 0.7801551 0.7801551
418.2000000 0.7803247 0.7803247 0.7803247
418.3000000 0.7804941 0.7804941 0.7804941
418.4000000 0.7806633 0.7806633 0.7806633
418.5000000 0.7808325 0.7808325 0.7808325
418.6000000 0.7810013 0.7810013 0.7810013
418.7000000 0.7811701 0.7811701 0.7811701
418.8000000 0.7813386 0.7813386 0.7813386
418.9000000 0.7815070 0.7815070 0.7815070
419.0000000 0.7816753 0.7816753 0.7816753
419.1000000 0.7818433 0.7818433 0.7818433
419.2000000 0.7820112 0.7820112 0.7820112
419.3000000 0.7821790 0.7821790 0.7821790
419.4000000 0.7823465 0.7823465 0.7823465
419.5000000 0.7825140 0.7825140 0.7825140
419.6000000 0.7826812 0.7826812 0.7826812
419.7000000 0.7828483 0.7828483 0.7828483
419.8000000 0.7830152 0.7830152 0.7830152
419.9000000 0.7831819 0.7831819 0.7831819
420.0000000 0.7833486 0.7833486 0.7833486
420.1000000 0.7835150 0.7835150 0.7835150
420.2000000 0.7836812 0.7836812 0.7836812
420.3000000 0.7838473 0.7838473 0.7838473
420.4000000 0.7840132 0.7840132 0.7840132
420.5000000 0.7841790 0.7841790 0.7841790
420.6000000 0.7843446 0.7843446 0.7843446
420.7000000 0.7845101 0.7845101 0.7845101
420.8000000 0.7846754 0.7846754 0.7846754
420.9000000 0.7848405 0.7848405 0.7848405
421.0000000 0.7850054 0.7850054 0.7850054
421.1000000 0.7851702 0.7851702 0.7851702
421.2000000 0.7853348 0.7853348 0.7853348
421.3000000 0.7854994 0.7854994 0.7854994
421.4000000 0.7856636 0.7856636 0.7856636
421.5000000 0.7858278 0.7858278 0.7858278
421.6000000 0.7859918 0.7859918 0.7859918
421.7000000 0.7861556 0.7861556 0.7861556
421.8000000 0.7863193 0.7863193 0.7863193
421.9000000 0.7864827 0.7864827 0.7864827
422.0000000 0.7866461 0.7866461 0.7866461
422.1000000 0.7868093 0.7868093 0.7868093
422.2000000 0.7869723 0.7869723 0.7869723
422.3000000 0.7871352 0.7871352 0.7871352
422.4000000 0.7872978 0.7872978 0.7872978
422.5000000 0.7874597 0.7874597 0.7874597
422.6000000 0.7876200 0.7876200 0.7876201
422.7000000 0.7877797 0.7877797 0.7877798
422.8000000 0.7879390 0.7879391 0.7879392
422.9000000 0.7880980 0.7880981 0.7880982
423.0000000 0.7882567 0.7882567 0.7882568
423.1000000 0.7884148 0.7884148 0.7884149
423.2000000 0.7885725 0.7885725 0.7885727
423.3000000 0.7887300 0.7887301 0.7887302
423.4000000 0.7888873 0.7888874 0.7888875
423.5000000 0.7890446 0.7890446 0.7890447
423.6000000 0.7892016 0.7892017 0.7892018
423.7000000 0.7893425 0.7893425 0.7893426
423.8000000 0.7894800 0.7894800 0.7894800
423.9000000 0.7896403 0.7896403 0.7896403
424.0000000 0.7898004 0.7898004 0.7898004
424.1000000 0.7899604 0.7899604 0.7899604
424.2000000 0.7901202 0.7901202 0.7901202
424.3000000 0.7902799 0.7902799 0.7902799
424.4000000 0.7904394 0.7904394 0.7904394
424.5000000 0.7905988 0.7905988 0.7905988
424.6000000 0.7907580 0.7907580 0.7907580
424.7000000 0.7909162 0.7909162 0.7909163
424.8000000 0.7910738 0.7910739 0.7910740
424.9000000 0.7912288 0.7912289 0.7912290
425.0000000 0.7913842 0.7913842 0.7913844
425.1000000 0.7915400 0.7915400 0.7915402
425.2000000 0.7916959 0.7916959 0.7916961
425.3000000 0.7918518 0.7918518 0.7918519
425.4000000 0.7920074 0.7920074 0.7920076
425.5000000 0.7921630 0.7921630 0.7921632
425.6000000 0.7923184 0.7923185 0.7923186
425.7000000 0.7924737 0.7924737 0.7924738
425.8000000 0.7926288 0.7926289 0.7926290
425.9000000 0.7927838 0.7927838 0.7927839
426.0000000 0.7929393 0.7929394 0.7929395
426.1000000 0.7930957 0.7930957 0.7930958
426.2000000 0.7932523 0.7932524 0.7932525
426.3000000 0.7934090 0.7934091 0.7934091
426.4000000 0.7935655 0.7935656 0.7935641
426.5000000 0.7937219 0.7937220 0.7937202
426.6000000 0.7938782 0.7938782 0.7938780
426.7000000 0.7940342 0.7940343 0.7940344
426.8000000 0.7941902 0.7941902 0.7941903
426.9000000 0.7943460 0.7943461 0.7943462
427.0000000 0.7945021 0.7945021 0.7945023
427.1000000 0.7946586 0.7946586 0.7946587
427.2000000 0.7948152 0.7948152 0.7948153
427.3000000 0.7949718 0.7949718 0.7949717
427.4000000 0.7951282 0.7951275 0.7951204
427.5000000 0.7952845 0.7952833 0.7952735
427.6000000 0.7954406 0.7954397 0.7954342
427.7000000 0.7955966 0.7955961 0.7955937
427.8000000 0.7957524 0.7957524 0.7957525
427.9000000 0.7959080 0.7959080 0.7959081
428.0000000 0.7960634 0.7960634 0.7960636
428.1000000 0.7962185 0.7962185 0.7962187
428.2000000 0.7963733 0.7963734 0.7963735
428.3000000 0.7965281 0.7965282 0.7965283
428.4000000 0.7966826 0.7966826 0.7966827
428.5000000 0.7968370 0.7968370 0.7968361
428.6000000 0.7969912 0.7969912 0.7969869
428.7000000 0.7971452 0.7971452 0.7971417
428.8000000 0.7972991 0.7972991 0.7972991
428.9000000 0.7974528 0.7974528 0.7974530
429.0000000 0.7976062 0.7976062 0.7976053
429.1000000 0.7977588 0.7977589 0.7977538
429.2000000 0.7979112 0.7979113 0.7979067
429.3000000 0.7980634 0.7980635 0.7980631
429.4000000 0.7982153 0.7982154 0.7982129
429.5000000 0.7983672 0.7983673 0.7983629
429.6000000 0.7985189 0.7985189 0.7985162
429.7000000 0.7986705 0.7986705 0.7986692
429.8000000 0.7988219 0.7988219 0.7988219
429.9000000 0.7989730 0.7989730 0.7989731
430.0000000 0.7991237 0.7991237 0.7991239
430.1000000 0.7992732 0.7992733 0.7992734
430.2000000 0.7994225 0.7994225 0.7994227
430.3000000 0.7995715 0.7995715 0.7995716
430.4000000 0.7997203 0.7997203 0.7997205
430.5000000 0.7998691 0.7998691 0.7998692
430.6000000 0.8000175 0.8000176 0.8000177
430.7000000 0.8001658 0.8001659 0.8001660
430.8000000 0.8003140 0.8003141 0.8003142
430.9000000 0.8004618 0.8004619 0.8004620
431.0000000 0.8006094 0.8006095 0.8006096
431.1000000 0.8007553 0.8007554 0.8007555
431.2000000 0.8009008 0.8009008 0.8009009
431.3000000 0.8010452 0.8010453 0.8010454
431.4000000 0.8011849 0.8011849 0.8011850
431.5000000 0.8013217 0.8013217 0.8013217
431.6000000 0.8014552 0.8014552 0.8014552
431.7000000 0.8015924 0.8015924 0.8015924
431.8000000 0.8017407 0.8017407 0.8017407
431.9000000 0.8018889 0.8018889 0.8018889
432.0000000 0.8020371 0.8020371 0.8020371
432.1000000 0.8021748 0.8021748 0.8021749
432.2000000 0.8023122 0.8023123 0.8023125
432.3000000 0.8024562 0.8024563 0.8024566
432.4000000 0.8026002 0.8026003 0.8026005
432.5000000 0.8027441 0.8027442 0.8027445
432.6000000 0.8028878 0.8028879 0.8028882
432.7000000 0.8030297 0.8030298 0.8030300
432.8000000 0.8031516 0.8031516 0.8031517
432.9000000 0.8032829 0.8032829 0.8032829
433.0000000 0.8034296 0.8034296 0.8034296
433.1000000 0.8035761 0.8035761 0.8035761
433.2000000 0.8037225 0.8037225 0.8037225
433.3000000 0.8038686 0.8038686 0.8038686
433.4000000 0.8040147 0.8040147 0.8040147
433.5000000 0.8041606 0.8041606 0.8041606
433.6000000 0.8043064 0.8043064 0.8043064
433.7000000 0.8044521 0.8044521 0.8044521
433.8000000 0.8045975 0.8045975 0.8045975
433.9000000 0.8047429 0.8047429 0.8047429
434.0000000 0.8048881 0.8048881 0.8048881
434.1000000 0.8050332 0.8050332 0.8050332
434.2000000 0.8051781 0.8051781 0.8051781
434.3000000 0.8053229 0.8053229 0.8053229
434.4000000 0.8054676 0.8054676 0.8054676
434.5000000 0.8056121 0.8056121 0.8056121
434.6000000 0.8057564 0.8057564 0.8057564
434.7000000 0.8059007 0.8059007 0.8059007
434.8000000 0.8060448 0.8060448 0.8060448
434.9000000 0.8061887 0.8061887 0.8061887
435.0000000 0.8063325 0.8063325 0.8063325
435.1000000 0.8064762 0.8064762 0.8064762
435.2000000 0.8066197 0.8066197 0.8066197
435.3000000 0.8067631 0.8067631 0.8067631
435.4000000 0.8069064 0.8069064 0.8069064
435.5000000 0.8070495 0.8070495 0.8070495
435.6000000 0.8071925 0.8071925 0.8071925
435.7000000 0.8073353 0.8073353 0.8073353
435.8000000 0.8074780 0.8074780 0.8074780
435.9000000 0.8076206 0.8076206 0.8076206
436.0000000 0.8077630 0.8077630 0.8077630
436.1000000 0.8079053 0.8079053 0.8079053
436.2000000 0.8080474 0.8080474 0.8080474
436.3000000 0.8081894 0.8081894 0.8081894
436.4000000 0.8083313 0.8083313 0.8083313
436.5000000 0.8084730 0.8084730 0.8084730
436.6000000 0.8086147 0.8086147 0.8086147
436.7000000 0.8087561 0.8087561 0.8087561
436.8000000 0.8088974 0.8088974 0.8088974
436.9000000 0.8090386 0.8090386 0.8090386
437.0000000 0.8091792 0.8091792 0.8091793
437.1000000 0.8093191 0.8093192 0.8093194
437.2000000 0.8094562 0.8094563 0.8094566
437.3000000 0.8095924 0.8095925 0.8095927
437.4000000 0.8097283 0.8097284 0.8097286
437.5000000 0.8098641 0.8098642 0.8098644
437.6000000 0.8099998 0.8099999 0.8100000
437.7000000 0.8101354 0.8101354 0.8101350
437.8000000 0.8102708 0.8102709 0.8102696
437.9000000 0.8104058 0.8104058 0.8104053
438.0000000 0.8105377 0.8105378 0.8105380
438.1000000 0.8106540 0.8106541 0.8106542
438.2000000 0.8107805 0.8107805 0.8107805
438.3000000 0.8109198 0.8109198 0.8109198
438.4000000 0.8110589 0.8110589 0.8110589
438.5000000 0.8111980 0.8111980 0.8111980
438.6000000 0.8113316 0.8113317 0.8113319
438.7000000 0.8114647 0.8114648 0.8114651
438.8000000 0.8115961 0.8115962 0.8115965
438.9000000 0.8117264 0.8117265 0.8117266
439.0000000 0.8118558 0.8118558 0.8118558
439.1000000 0.8119707 0.8119707 0.8119707
439.2000000 0.8120860 0.8120860 0.8120859
439.3000000 0.8122239 0.8122239 0.8122235
439.4000000 0.8123616 0.8123616 0.8123599
439.5000000 0.8124989 0.8124990 0.8124946
439.6000000 0.8126246 0.8126247 0.8126216
439.7000000 0.8127446 0.8127447 0.8127448
439.8000000 0.8128529 0.8128530 0.8128510
439.9000000 0.8129667 0.8129664 0.8129608
440.0000000 0.8131014 0.8130994 0.8130866
440.1000000 0.8132329 0.8132301 0.8132092
440.2000000 0.8133613 0.8133585 0.8133288
440.3000000 0.8134892 0.8134877 0.8134694
440.4000000 0.8136160 0.8136162 0.8136145
440.5000000 0.8137245 0.8137246 0.8137239
440.6000000 0.8138419 0.8138419 0.8138419
440.7000000 0.8139779 0.8139779 0.8139779
440.8000000 0.8141138 0.8141128 0.8141057
440.9000000 0.8142496 0.8142469 0.8142278
441.0000000 0.8143801 0.8143767 0.8143572
441.1000000 0.8145096 0.8145052 0.8144848
441.2000000 0.8146377 0.8146296 0.8145929
441.3000000 0.8147651 0.8147507 0.8146887
441.4000000 0.8148915 0.8148669 0.8147660
441.5000000 0.8150066 0.8149843 0.8148760
441.6000000 0.8151163 0.8151024 0.8150019
441.7000000 0.8152383 0.8152152 0.8151047
441.8000000 0.8153625 0.8153314 0.8152124
441.9000000 0.8154923 0.8154618 0.8153439
442.0000000 0.8156249 0.8156031 0.8155165
442.1000000 0.8157607 0.8157564 0.8157343
442.2000000 0.8158818 0.8158577 0.8157680
442.3000000 0.8159978 0.8159416 0.8157403
442.4000000 0.8161182 0.8160946 0.8159574
442.5000000 0.8162345 0.8162067 0.8160334
442.6000000 0.8163397 0.8162104 0.8157358
442.7000000 0.8164519 0.8162816 0.8156877
442.8000000 0.8165703 0.8164108 0.8158535
442.9000000 0.8167050 0.8165802 0.8161332
443.0000000 0.8168428 0.8167545 0.8164231
443.1000000 0.8169676 0.8168556 0.8164572
443.2000000 0.8171051 0.8169962 0.8166141
443.3000000 0.8172683 0.8172175 0.8170228
443.4000000 0.8174128 0.8173869 0.8172759
443.5000000 0.8175442 0.8175201 0.8174205
443.6000000 0.8176742 0.8176540 0.8175714
443.7000000 0.8178010 0.8177831 0.8177108
443.8000000 0.8179036 0.8178737 0.8177493
443.9000000 0.8180171 0.8179822 0.8178331
444.0000000 0.8181488 0.8181212 0.8179937
444.1000000 0.8182804 0.8182645 0.8181675
444.2000000 0.8184119 0.8184103 0.8183490
444.3000000 0.8185393 0.8184953 0.8183064
444.4000000 0.8186675 0.8185883 0.8182952
444.5000000 0.8188030 0.8187734 0.8186344
444.6000000 0.8189366 0.8189330 0.8188792
444.7000000 0.8190675 0.8190548 0.8189840
444.8000000 0.8191812 0.8191278 0.8189160
444.9000000 0.8192861 0.8191756 0.8187586
445.0000000 0.8194265 0.8193471 0.8190500
445.1000000 0.8195687 0.8195240 0.8193582
445.2000000 0.8197041 0.8196705 0.8195433
445.3000000 0.8198330 0.8197952 0.8196606
445.4000000 0.8199532 0.8198903 0.8196857
445.5000000 0.8200707 0.8200010 0.8197704
445.6000000 0.8201871 0.8201190 0.8198834
445.7000000 0.8203340 0.8202918 0.8201465
445.8000000 0.8204751 0.8204480 0.8203555
445.9000000 0.8205799 0.8205117 0.8202713
446.0000000 0.8207021 0.8206322 0.8203805
446.1000000 0.8208470 0.8208272 0.8207420
446.2000000 0.8209784 0.8209696 0.8209236
446.3000000 0.8211035 0.8210879 0.8210223
446.4000000 0.8212200 0.8211704 0.8209847
446.5000000 0.8213420 0.8212714 0.8210113
446.6000000 0.8214907 0.8214653 0.8213643
446.7000000 0.8216311 0.8216286 0.8216056
446.8000000 0.8217606 0.8217516 0.8217008
446.9000000 0.8218880 0.8218740 0.8218111
447.0000000 0.8220144 0.8219960 0.8219285
447.1000000 0.8221410 0.8221141 0.8220094
447.2000000 0.8222679 0.8222354 0.8221057
447.3000000 0.8223960 0.8223736 0.8222882
447.4000000 0.8225276 0.8225122 0.8224527
447.5000000 0.8226640 0.8226511 0.8225925
447.6000000 0.8227997 0.8227889 0.8227381
447.7000000 0.8229351 0.8229260 0.8228866
447.8000000 0.8230628 0.8230529 0.8230009
447.9000000 0.8231897 0.8231799 0.8231210
448.0000000 0.8233165 0.8233128 0.8232907
448.1000000 0.8234432 0.8234432 0.8234424
448.2000000 0.8235697 0.8235697 0.8235669
448.3000000 0.8236962 0.8236962 0.8236939
448.4000000 0.8238225 0.8238225 0.8238223
448.5000000 0.8239487 0.8239487 0.8239369
448.6000000 0.8240748 0.8240748 0.8240530
448.7000000 0.8242007 0.8242007 0.8241922
448.8000000 0.8243345 0.8243339 0.8243296
448.9000000 0.8244821 0.8244797 0.8244637
449.0000000 0.8246179 0.8246159 0.8246011
449.1000000 0.8247461 0.8247458 0.8247405
449.2000000 0.8248726 0.8248708 0.8248554
449.3000000 0.8249989 0.8249954 0.8249684
449.4000000 0.8251256 0.8251242 0.8251121
449.5000000 0.8252431 0.8252432 0.8252415
449.6000000 0.8253409 0.8253409 0.8253404
449.7000000 0.8254536 0.8254536 0.8254536
449.8000000 0.8255783 0.8255783 0.8255783
449.9000000 0.8257028 0.8257028 0.8257028
450.0000000 0.8258272 0.8258272 0.8258272
450.1000000 0.8259514 0.8259514 0.8259514
450.2000000 0.8260756 0.8260756 0.8260756
450.3000000 0.8261997 0.8261997 0.8261997
450.4000000 0.8263262 0.8263262 0.8263262
450.5000000 0.8264552 0.8264552 0.8264552
450.6000000 0.8265961 0.8265961 0.8265963
450.7000000 0.8267413 0.8267414 0.8267418
450.8000000 0.8268603 0.8268605 0.8268609
450.9000000 0.8269752 0.8269753 0.8269757
451.0000000 0.8270769 0.8270770 0.8270771
451.1000000 0.8271878 0.8271878 0.8271878
451.2000000 0.8273108 0.8273108 0.8273108
451.3000000 0.8274336 0.8274336 0.8274336
451.4000000 0.8275564 0.8275564 0.8275564
451.5000000 0.8276860 0.8276860 0.8276860
451.6000000 0.8278181 0.8278181 0.8278182
451.7000000 0.8279632 0.8279633 0.8279635
451.8000000 0.8280993 0.8280994 0.8280997
451.9000000 0.8282184 0.8282185 0.8282188
452.0000000 0.8283390 0.8283391 0.8283395
452.1000000 0.8284608 0.8284609 0.8284613
452.2000000 0.8285830 0.8285831 0.8285835
452.3000000 0.8287054 0.8287055 0.8287059
452.4000000 0.8288277 0.8288277 0.8288281
452.5000000 0.8289500 0.8289500 0.8289504
452.6000000 0.8290723 0.8290724 0.8290726
452.7000000 0.8291943 0.8291944 0.8291912
452.8000000 0.8293161 0.8293163 0.8293057
452.9000000 0.8294378 0.8294379 0.8294304
453.0000000 0.8295594 0.8295596 0.8295594
453.1000000 0.8296801 0.8296793 0.8296742
453.2000000 0.8298007 0.8297992 0.8297896
453.3000000 0.8299211 0.8299206 0.8299138
453.4000000 0.8300414 0.8300415 0.8300376
453.5000000 0.8301617 0.8301618 0.8301609
453.6000000 0.8302818 0.8302819 0.8302823
453.7000000 0.8304018 0.8304019 0.8304023
453.8000000 0.8305215 0.8305217 0.8305221
453.9000000 0.8306412 0.8306413 0.8306418
454.0000000 0.8307592 0.8307594 0.8307597
454.1000000 0.8308767 0.8308768 0.8308769
454.2000000 0.8309925 0.8309926 0.8309919
454.3000000 0.8310982 0.8310983 0.8310975
454.4000000 0.8311930 0.8311930 0.8311928
454.5000000 0.8313045 0.8313045 0.8313045
454.6000000 0.8314235 0.8314235 0.8314235
454.7000000 0.8315424 0.8315424 0.8315424
454.8000000 0.8316613 0.8316613 0.8316613
454.9000000 0.8317800 0.8317800 0.8317800
455.0000000 0.8318987 0.8318987 0.8318987
455.1000000 0.8320172 0.8320172 0.8320172
455.2000000 0.8321308 0.8321308 0.8321309
455.3000000 0.8322406 0.8322407 0.8322410
455.4000000 0.8323495 0.8323496 0.8323499
455.5000000 0.8324581 0.8324582 0.8324586
455.6000000 0.8325476 0.8325476 0.8325478
455.7000000 0.8326426 0.8326426 0.8326426
455.8000000 0.8327603 0.8327603 0.8327603
455.9000000 0.8328774 0.8328774 0.8328775
456.0000000 0.8329936 0.8329937 0.8329940
456.1000000 0.8331013 0.8331014 0.8331017
456.2000000 0.8332037 0.8332038 0.8332042
456.3000000 0.8332951 0.8332952 0.8332953
456.4000000 0.8333856 0.8333856 0.8333856
456.5000000 0.8334997 0.8334997 0.8334997
456.6000000 0.8336105 0.8336106 0.8336107
456.7000000 0.8337119 0.8337120 0.8337122
456.8000000 0.8338057 0.8338058 0.8338061
456.9000000 0.8338910 0.8338910 0.8338911
457.0000000 0.8339957 0.8339958 0.8339959
457.1000000 0.8341098 0.8341099 0.8341103
457.2000000 0.8342127 0.8342128 0.8342132
457.3000000 0.8343127 0.8343128 0.8343132
457.4000000 0.8343989 0.8343989 0.8343991
457.5000000 0.8344911 0.8344911 0.8344911
457.6000000 0.8345973 0.8345974 0.8345977
457.7000000 0.8346896 0.8346896 0.8346899
457.8000000 0.8347679 0.8347679 0.8347680
457.9000000 0.8348707 0.8348707 0.8348708
458.0000000 0.8349835 0.8349836 0.8349840
458.1000000 0.8350706 0.8350707 0.8350708
458.2000000 0.8351571 0.8351571 0.8351571
458.3000000 0.8352584 0.8352584 0.8352584
458.4000000 0.8353596 0.8353596 0.8353597
458.5000000 0.8354607 0.8354608 0.8354611
458.6000000 0.8355516 0.8355517 0.8355520
458.7000000 0.8356331 0.8356331 0.8356332
458.8000000 0.8357344 0.8357345 0.8357346
458.9000000 0.8358434 0.8358435 0.8358439
459.0000000 0.8359368 0.8359369 0.8359371
459.1000000 0.8360293 0.8360293 0.8360293
459.2000000 0.8361240 0.8361240 0.8361240
459.3000000 0.8362196 0.8362196 0.8362197
459.4000000 0.8363172 0.8363172 0.8363175
459.5000000 0.8364072 0.8364073 0.8364076
459.6000000 0.8364903 0.8364903 0.8364904
459.7000000 0.8365898 0.8365898 0.8365900
459.8000000 0.8366956 0.8366957 0.8366962
459.9000000 0.8367912 0.8367913 0.8367917
460.0000000 0.8368855 0.8368856 0.8368860
460.1000000 0.8369779 0.8369779 0.8369781
460.2000000 0.8370740 0.8370740 0.8370741
460.3000000 0.8371785 0.8371786 0.8371789
460.4000000 0.8372800 0.8372802 0.8372806
460.5000000 0.8373786 0.8373787 0.8373791
460.6000000 0.8374698 0.8374699 0.8374701
460.7000000 0.8375578 0.8375578 0.8375579
460.8000000 0.8376645 0.8376645 0.8376647
460.9000000 0.8377727 0.8377728 0.8377733
461.0000000 0.8378740 0.8378742 0.8378746
461.1000000 0.8379765 0.8379766 0.8379771
461.2000000 0.8380818 0.8380819 0.8380824
461.3000000 0.8381803 0.8381804 0.8381808
461.4000000 0.8382711 0.8382711 0.8382712
461.5000000 0.8383719 0.8383719 0.8383719
461.6000000 0.8384779 0.8384779 0.8384779
461.7000000 0.8385883 0.8385883 0.8385883
461.8000000 0.8386994 0.8386994 0.8386994
461.9000000 0.8388104 0.8388104 0.8388104
462.0000000 0.8389205 0.8389206 0.8389206
462.1000000 0.8390277 0.8390278 0.8390281
462.2000000 0.8391306 0.8391308 0.8391313
462.3000000 0.8392277 0.8392279 0.8392284
462.4000000 0.8393329 0.8393330 0.8393336
462.5000000 0.8394433 0.8394434 0.8394440
462.6000000 0.8395544 0.8395546 0.8395552
462.7000000 0.8396657 0.8396658 0.8396665
462.8000000 0.8397766 0.8397768 0.8397775
462.9000000 0.8398881 0.8398884 0.8398890
463.0000000 0.8400025 0.8400027 0.8400033
463.1000000 0.8401187 0.8401188 0.8401194
463.2000000 0.8402383 0.8402385 0.8402391
463.3000000 0.8403530 0.8403531 0.8403535
463.4000000 0.8404632 0.8404633 0.8404633
463.5000000 0.8405730 0.8405730 0.8405730
463.6000000 0.8406825 0.8406825 0.8406825
463.7000000 0.8408186 0.8408187 0.8408189
463.8000000 0.8409553 0.8409554 0.8409560
463.9000000 0.8410599 0.8410601 0.8410607
464.0000000 0.8411668 0.8411669 0.8411676
464.1000000 0.8412800 0.8412802 0.8412809
464.2000000 0.8413969 0.8413970 0.8413977
464.3000000 0.8415182 0.8415184 0.8415191
464.4000000 0.8416334 0.8416336 0.8416340
464.5000000 0.8417447 0.8417448 0.8417448
464.6000000 0.8418559 0.8418559 0.8418559
464.7000000 0.8419671 0.8419671 0.8419671
464.8000000 0.8421037 0.8421038 0.8421042
464.9000000 0.8422382 0.8422384 0.8422391
465.0000000 0.8423560 0.8423562 0.8423568
465.1000000 0.8424682 0.8424684 0.8424690
465.2000000 0.8425687 0.8425690 0.8425697
465.3000000 0.8426713 0.8426716 0.8426723
465.4000000 0.8427759 0.8427762 0.8427769
465.5000000 0.8428870 0.8428872 0.8428880
465.6000000 0.8430011 0.8430014 0.8430022
465.7000000 0.8431146 0.8431148 0.8431146
465.8000000 0.8432278 0.8432280 0.8432267
465.9000000 0.8433357 0.8433358 0.8433352
466.0000000 0.8434390 0.8434390 0.8434390
466.1000000 0.8435236 0.8435236 0.8435236
466.2000000 0.8436075 0.8436075 0.8436075
466.3000000 0.8436899 0.8436899 0.8436899
466.4000000 0.8437853 0.8437853 0.8437853
466.5000000 0.8438916 0.8438916 0.8438916
466.6000000 0.8439966 0.8439967 0.8439956
466.7000000 0.8441010 0.8441013 0.8440987
466.8000000 0.8441917 0.8441920 0.8441862
466.9000000 0.8442801 0.8442804 0.8442715
467.0000000 0.8443586 0.8443588 0.8443533
467.1000000 0.8444431 0.8444431 0.8444407
467.2000000 0.8445488 0.8445488 0.8445479
467.3000000 0.8446415 0.8446408 0.8446260
467.4000000 0.8447140 0.8447116 0.8446584
467.5000000 0.8447973 0.8447951 0.8447410
467.6000000 0.8448894 0.8448889 0.8448639
467.7000000 0.8449831 0.8449825 0.8449638
467.8000000 0.8450775 0.8450760 0.8450548
467.9000000 0.8451498 0.8451489 0.8451377
468.0000000 0.8452203 0.8452201 0.8452191
468.1000000 0.8453094 0.8453063 0.8452932
468.2000000 0.8453993 0.8453945 0.8453746
468.3000000 0.8454916 0.8454898 0.8454822
468.4000000 0.8455793 0.8455782 0.8455737
468.5000000 0.8456595 0.8456557 0.8456392
468.6000000 0.8457320 0.8457270 0.8456742
468.7000000 0.8457981 0.8457933 0.8456835
468.8000000 0.8458832 0.8458797 0.8457871
468.9000000 0.8459763 0.8459744 0.8459300
469.0000000 0.8460462 0.8460453 0.8460217
469.1000000 0.8461130 0.8461129 0.8461047
469.2000000 0.8461944 0.8461927 0.8461545
469.3000000 0.8462754 0.8462728 0.8462128
469.4000000 0.8463550 0.8463539 0.8463084
469.5000000 0.8464294 0.8464194 0.8463477
469.6000000 0.8464941 0.8464554 0.8462817
469.7000000 0.8465672 0.8465148 0.8462975
469.8000000 0.8466485 0.8465969 0.8463931
469.9000000 0.8467351 0.8466913 0.8465247
470.0000000 0.8468244 0.8467918 0.8466745
470.1000000 0.8468959 0.8468670 0.8467587
470.2000000 0.8469636 0.8469366 0.8468287
470.3000000 0.8470361 0.8470155 0.8469309
470.4000000 0.8471084 0.8470945 0.8470317
470.5000000 0.8471781 0.8471723 0.8471191
470.6000000 0.8472507 0.8472489 0.8472008
470.7000000 0.8473303 0.8473222 0.8472681
470.8000000 0.8474023 0.8473898 0.8473285
470.9000000 0.8474646 0.8474500 0.8473802
471.0000000 0.8475250 0.8475099 0.8474230
471.1000000 0.8475840 0.8475696 0.8474599
471.2000000 0.8476603 0.8476482 0.8475402
471.3000000 0.8477423 0.8477332 0.8476351
471.4000000 0.8478180 0.8478135 0.8477580
471.5000000 0.8478926 0.8478926 0.8478794
471.6000000 0.8479579 0.8479579 0.8479164
471.7000000 0.8480195 0.8480195 0.8479625
471.8000000 0.8480666 0.8480666 0.8480442
471.9000000 0.8481299 0.8481299 0.8481292
472.0000000 0.8482225 0.8482225 0.8482199
472.1000000 0.8482992 0.8482969 0.8482632
472.2000000 0.8483600 0.8483530 0.8482594
472.3000000 0.8484297 0.8484235 0.8483451
472.4000000 0.8485040 0.8485017 0.8484789
472.5000000 0.8485591 0.8485582 0.8485516
472.6000000 0.8486092 0.8486092 0.8486089
472.7000000 0.8486920 0.8486795 0.8486261
472.8000000 0.8487738 0.8487503 0.8486461
472.9000000 0.8488278 0.8488148 0.8487167
473.0000000 0.8488867 0.8488824 0.8488001
473.1000000 0.8489611 0.8489600 0.8489243
473.2000000 0.8490278 0.8490242 0.8490026
473.3000000 0.8490823 0.8490667 0.8490066
473.4000000 0.8491361 0.8491206 0.8490566
473.5000000 0.8491893 0.8491846 0.8491483
473.6000000 0.8492372 0.8492365 0.8492117
473.7000000 0.8492825 0.8492824 0.8492614
473.8000000 0.8493277 0.8493277 0.8493096
473.9000000 0.8493728 0.8493728 0.8493574
474.0000000 0.8494174 0.8494174 0.8494038
474.1000000 0.8494621 0.8494621 0.8494507
474.2000000 0.8495071 0.8495071 0.8495021
474.3000000 0.8495473 0.8495469 0.8495418
474.4000000 0.8495723 0.8495698 0.8495435
474.5000000 0.8495946 0.8495917 0.8495543
474.6000000 0.8496126 0.8496117 0.8495804
474.7000000 0.8496239 0.8496238 0.8495974
474.8000000 0.8496289 0.8496286 0.8496057
474.9000000 0.8496261 0.8496258 0.8496118
475.0000000 0.8496192 0.8496191 0.8496167
475.1000000 0.8496100 0.8496100 0.8496100
475.2000000 0.8496002 0.8496002 0.8496002
475.3000000 0.8495898 0.8495898 0.8495874
475.4000000 0.8495791 0.8495792 0.8495746
475.5000000 0.8495629 0.8495645 0.8495669
475.6000000 0.8495489 0.8495515 0.8495586
475.7000000 0.8495437 0.8495451 0.8495480
475.8000000 0.8495238 0.8495243 0.8495243
475.9000000 0.8494745 0.8494746 0.8494746
476.0000000 0.8494324 0.8494333 0.8494330
476.1000000 0.8493986 0.8494014 0.8494006
476.2000000 0.8493658 0.8493681 0.8493675
476.3000000 0.8493335 0.8493340 0.8493338
476.4000000 0.8493434 0.8493434 0.8493434
476.5000000 0.8493686 0.8493686 0.8493686
476.6000000 0.8493840 0.8493840 0.8493840
476.7000000 0.8493978 0.8493978 0.8493978
476.8000000 0.8494282 0.8494303 0.8494372
476.9000000 0.8494604 0.8494643 0.8494770
477.0000000 0.8495046 0.8495086 0.8495183
477.1000000 0.8495516 0.8495551 0.8495616
477.2000000 0.8496067 0.8496081 0.8496106
477.3000000 0.8496759 0.8496768 0.8496774
477.4000000 0.8497678 0.8497707 0.8497730
477.5000000 0.8498634 0.8498663 0.8498685
477.6000000 0.8499626 0.8499634 0.8499639
477.7000000 0.8500593 0.8500593 0.8500593
477.8000000 0.8501545 0.8501545 0.8501545
477.9000000 0.8502497 0.8502497 0.8502497
478.0000000 0.8503448 0.8503448 0.8503448
478.1000000 0.8504791 0.8504791 0.8504791
478.2000000 0.8506181 0.8506182 0.8506183
478.3000000 0.8507569 0.8507587 0.8507649
478.4000000 0.8508958 0.8508992 0.8509100
478.5000000 0.8510352 0.8510385 0.8510459
478.6000000 0.8511698 0.8511726 0.8511768
478.7000000 0.8512911 0.8512922 0.8512938
478.8000000 0.8514228 0.8514228 0.8514228
478.9000000 0.8515709 0.8515709 0.8515709
479.0000000 0.8517189 0.8517189 0.8517189
479.1000000 0.8518667 0.8518667 0.8518667
479.2000000 0.8520146 0.8520146 0.8520146
479.3000000 0.8521626 0.8521626 0.8521626
479.4000000 0.8523022 0.8523033 0.8523034
479.5000000 0.8524391 0.8524415 0.8524419
479.6000000 0.8525547 0.8525560 0.8525563
479.7000000 0.8526671 0.8526671 0.8526671
479.8000000 0.8528140 0.8528140 0.8528140
479.9000000 0.8529613 0.8529613 0.8529613
480.0000000 0.8531084 0.8531084 0.8531084
480.1000000 0.8532555 0.8532555 0.8532555
480.2000000 0.8534025 0.8534025 0.8534025
480.3000000 0.8535495 0.8535495 0.8535495
480.4000000 0.8536963 0.8536963 0.8536963
480.5000000 0.8538363 0.8538367 0.8538377
480.6000000 0.8539682 0.8539695 0.8539726
480.7000000 0.8540908 0.8540920 0.8540947
480.8000000 0.8542066 0.8542068 0.8542075
480.9000000 0.8543434 0.8543434 0.8543434
481.0000000 0.8544896 0.8544896 0.8544896
481.1000000 0.8546358 0.8546358 0.8546358
481.2000000 0.8547820 0.8547820 0.8547820
481.3000000 0.8549102 0.8549108 0.8549128
481.4000000 0.8550364 0.8550377 0.8550418
481.5000000 0.8551542 0.8551554 0.8551587
481.6000000 0.8552724 0.8552735 0.8552759
481.7000000 0.8553936 0.8553947 0.8553951
481.8000000 0.8555162 0.8555171 0.8555161
481.9000000 0.8556426 0.8556429 0.8556426
482.0000000 0.8557717 0.8557719 0.8557725
482.1000000 0.8559058 0.8559064 0.8559086
482.2000000 0.8560322 0.8560329 0.8560351
482.3000000 0.8561501 0.8561503 0.8561510
482.4000000 0.8562770 0.8562772 0.8562780
482.5000000 0.8564104 0.8564110 0.8564132
482.6000000 0.8565236 0.8565240 0.8565257
482.7000000 0.8566276 0.8566277 0.8566280
482.8000000 0.8567502 0.8567504 0.8567504
482.9000000 0.8568775 0.8568779 0.8568779
483.0000000 0.8569950 0.8569952 0.8569952
483.1000000 0.8571116 0.8571116 0.8571115
483.2000000 0.8572442 0.8572445 0.8572411
483.3000000 0.8573748 0.8573754 0.8573693
483.4000000 0.8574896 0.8574898 0.8574872
483.5000000 0.8576098 0.8576098 0.8576098
483.6000000 0.8577498 0.8577498 0.8577498
483.7000000 0.8578871 0.8578871 0.8578871
483.8000000 0.8580192 0.8580192 0.8580192
483.9000000 0.8581419 0.8581419 0.8581401
484.0000000 0.8582522 0.8582522 0.8582460
484.1000000 0.8583652 0.8583652 0.8583593
484.2000000 0.8584808 0.8584808 0.8584792
484.3000000 0.8586029 0.8586029 0.8585987
484.4000000 0.8587288 0.8587288 0.8587179
484.5000000 0.8588590 0.8588566 0.8588344
484.6000000 0.8589909 0.8589851 0.8589498
484.7000000 0.8591039 0.8591003 0.8590446
484.8000000 0.8592130 0.8592128 0.8591351
484.9000000 0.8593401 0.8593282 0.8592261
485.0000000 0.8594679 0.8594435 0.8593174
485.1000000 0.8595752 0.8595461 0.8594156
485.2000000 0.8596821 0.8596492 0.8595163
485.3000000 0.8597858 0.8597564 0.8596347
485.4000000 0.8598892 0.8598649 0.8597522
485.5000000 0.8599912 0.8599780 0.8598667
485.6000000 0.8600972 0.8600862 0.8599690
485.7000000 0.8602117 0.8601843 0.8600455
485.8000000 0.8603237 0.8602944 0.8601667
485.9000000 0.8604323 0.8604218 0.8603514
486.0000000 0.8605396 0.8605387 0.8605076
486.1000000 0.8606455 0.8606452 0.8606364
486.2000000 0.8607537 0.8607527 0.8607500
486.3000000 0.8608633 0.8608609 0.8608535
486.4000000 0.8609629 0.8609604 0.8609437
486.5000000 0.8610581 0.8610563 0.8610281
486.6000000 0.8611478 0.8611426 0.8610926
486.7000000 0.8612360 0.8612264 0.8611518
486.8000000 0.8613240 0.8613186 0.8612767
486.9000000 0.8614120 0.8614119 0.8614107
487.0000000 0.8614999 0.8614912 0.8614137
487.1000000 0.8615878 0.8615712 0.8614226
487.2000000 0.8616755 0.8616679 0.8615834
487.3000000 0.8617669 0.8617653 0.8617321
487.4000000 0.8618791 0.8618672 0.8618126
487.5000000 0.8619857 0.8619668 0.8618978
487.6000000 0.8620746 0.8620594 0.8619982
487.7000000 0.8621609 0.8621450 0.8620774
487.8000000 0.8622416 0.8622160 0.8621130
487.9000000 0.8623168 0.8622923 0.8621954
488.0000000 0.8623844 0.8623762 0.8623440
488.1000000 0.8624617 0.8624584 0.8624402
488.2000000 0.8625487 0.8625387 0.8624842
488.3000000 0.8626251 0.8626088 0.8625345
488.4000000 0.8626940 0.8626718 0.8625892
488.5000000 0.8627659 0.8627473 0.8626765
488.6000000 0.8628391 0.8628288 0.8627796
488.7000000 0.8629091 0.8628984 0.8628460
488.8000000 0.8629779 0.8629643 0.8629006
488.9000000 0.8630490 0.8630371 0.8629824
489.0000000 0.8631205 0.8631112 0.8630695
489.1000000 0.8631809 0.8631652 0.8630792
489.2000000 0.8632404 0.8632174 0.8630827
489.3000000 0.8633087 0.8632865 0.8631732
489.4000000 0.8633762 0.8633555 0.8632643
489.5000000 0.8634346 0.8634252 0.8633630
489.6000000 0.8634955 0.8634942 0.8634535
489.7000000 0.8635691 0.8635595 0.8635031
489.8000000 0.8636384 0.8636246 0.8635632
489.9000000 0.8636947 0.8636892 0.8636559
490.0000000 0.8637580 0.8637576 0.8637421
490.1000000 0.8638358 0.8638342 0.8638147
490.2000000 0.8639110 0.8639072 0.8638826
490.3000000 0.8639820 0.8639748 0.8639433
490.4000000 0.8640469 0.8640402 0.8640058
490.5000000 0.8641050 0.8641029 0.8640702
490.6000000 0.8641780 0.8641780 0.8641498
490.7000000 0.8642630 0.8642629 0.8642416
490.8000000 0.8643401 0.8643391 0.8643170
490.9000000 0.8644126 0.8644103 0.8643829
491.0000000 0.8644714 0.8644696 0.8644439
491.1000000 0.8645244 0.8645241 0.8645028
491.2000000 0.8646012 0.8646012 0.8645891
491.3000000 0.8646846 0.8646846 0.8646831
491.4000000 0.8647688 0.8647688 0.8647606
491.5000000 0.8648532 0.8648532 0.8648353
491.6000000 0.8649334 0.8649335 0.8649240
491.7000000 0.8650132 0.8650134 0.8650138
491.8000000 0.8650882 0.8650884 0.8650823
491.9000000 0.8651634 0.8651635 0.8651512
492.0000000 0.8652411 0.8652401 0.8652267
492.1000000 0.8653161 0.8653142 0.8653009
492.2000000 0.8653746 0.8653738 0.8653679
492.3000000 0.8654385 0.8654385 0.8654385
492.4000000 0.8655221 0.8655221 0.8655221
492.5000000 0.8656058 0.8656058 0.8656058
492.6000000 0.8656893 0.8656893 0.8656893
492.7000000 0.8657723 0.8657720 0.8657697
492.8000000 0.8658545 0.8658532 0.8658443
492.9000000 0.8659311 0.8659297 0.8659198
493.0000000 0.8660001 0.8659997 0.8659964
493.1000000 0.8660634 0.8660634 0.8660635
493.2000000 0.8661204 0.8661205 0.8661205
493.3000000 0.8661898 0.8661898 0.8661898
493.4000000 0.8662692 0.8662692 0.8662692
493.5000000 0.8663492 0.8663493 0.8663495
493.6000000 0.8664297 0.8664299 0.8664305
493.7000000 0.8665049 0.8665051 0.8665050
493.8000000 0.8665776 0.8665778 0.8665765
493.9000000 0.8666458 0.8666459 0.8666449
494.0000000 0.8667123 0.8667124 0.8667122
494.1000000 0.8667781 0.8667781 0.8667781
494.2000000 0.8668436 0.8668436 0.8668436
494.3000000 0.8669237 0.8669237 0.8669237
494.4000000 0.8670059 0.8670059 0.8670059
494.5000000 0.8670787 0.8670788 0.8670791
494.6000000 0.8671507 0.8671510 0.8671517
494.7000000 0.8672211 0.8672213 0.8672221
494.8000000 0.8672909 0.8672911 0.8672918
494.9000000 0.8673493 0.8673493 0.8673497
495.0000000 0.8674093 0.8674093 0.8674093
495.1000000 0.8674823 0.8674824 0.8674829
495.2000000 0.8675517 0.8675519 0.8675526
495.3000000 0.8676030 0.8676031 0.8676034
495.4000000 0.8676581 0.8676581 0.8676582
495.5000000 0.8677260 0.8677261 0.8677266
495.6000000 0.8677870 0.8677872 0.8677878
495.7000000 0.8678306 0.8678306 0.8678309
495.8000000 0.8678843 0.8678843 0.8678845
495.9000000 0.8679577 0.8679579 0.8679584
496.0000000 0.8680227 0.8680230 0.8680237
496.1000000 0.8680749 0.8680752 0.8680760
496.2000000 0.8681211 0.8681213 0.8681219
496.3000000 0.8681599 0.8681600 0.8681602
496.4000000 0.8682095 0.8682096 0.8682098
496.5000000 0.8682697 0.8682699 0.8682705
496.6000000 0.8683212 0.8683214 0.8683219
496.7000000 0.8683658 0.8683658 0.8683660
496.8000000 0.8684206 0.8684206 0.8684209
496.9000000 0.8684818 0.8684820 0.8684827
497.0000000 0.8685374 0.8685377 0.8685384
497.1000000 0.8685901 0.8685903 0.8685911
497.2000000 0.8686374 0.8686376 0.8686384
497.3000000 0.8686826 0.8686828 0.8686835
497.4000000 0.8687204 0.8687205 0.8687210
497.5000000 0.8687559 0.8687560 0.8687560
497.6000000 0.8687846 0.8687846 0.8687846
497.7000000 0.8688117 0.8688117 0.8688117
497.8000000 0.8688661 0.8688662 0.8688665
497.9000000 0.8689250 0.8689252 0.8689259
498.0000000 0.8689624 0.8689626 0.8689633
498.1000000 0.8689976 0.8689978 0.8689985
498.2000000 0.8690288 0.8690286 0.8690204
498.3000000 0.8690598 0.8690592 0.8690417
498.4000000 0.8690862 0.8690859 0.8690688
498.5000000 0.8691127 0.8691127 0.8690963
498.6000000 0.8691390 0.8691390 0.8691311
498.7000000 0.8691653 0.8691653 0.8691648
498.8000000 0.8691914 0.8691914 0.8691887
498.9000000 0.8692176 0.8692176 0.8692132
499.0000000 0.8692438 0.8692438 0.8692419
499.1000000 0.8692700 0.8692700 0.8692664
499.2000000 0.8692958 0.8692958 0.8692723
499.3000000 0.8693216 0.8693216 0.8692849
499.4000000 0.8693475 0.8693475 0.8693211
499.5000000 0.8693725 0.8693719 0.8693515
499.6000000 0.8693951 0.8693924 0.8693659
499.7000000 0.8694173 0.8694121 0.8693808
499.8000000 0.8694382 0.8694299 0.8693970
499.9000000 0.8694589 0.8694483 0.8694126
500.0000000 0.8694790 0.8694676 0.8694270
500.1000000 0.8694980 0.8694861 0.8694427
500.2000000 0.8695153 0.8695031 0.8694605
500.3000000 0.8695259 0.8695162 0.8694683
500.4000000 0.8695273 0.8695239 0.8694624
500.5000000 0.8695396 0.8695396 0.8694751
500.6000000 0.8695646 0.8695646 0.8695097
500.7000000 0.8695896 0.8695884 0.8695355
500.8000000 0.8696145 0.8696108 0.8695525
500.9000000 0.8696343 0.8696222 0.8695365
501.0000000 0.8696497 0.8696239 0.8694917
501.1000000 0.8696710 0.8696469 0.8695298
501.2000000 0.8696968 0.8696861 0.8696310
501.3000000 0.8697129 0.8696917 0.8696101
501.4000000 0.8697226 0.8696752 0.8695088
501.5000000 0.8697398 0.8696854 0.8694951
501.6000000 0.8697612 0.8697110 0.8695314
501.7000000 0.8697737 0.8697166 0.8695026
501.8000000 0.8697819 0.8697125 0.8694417
501.9000000 0.8697883 0.8696880 0.8693199
502.0000000 0.8697939 0.8696549 0.8691722
502.1000000 0.8698245 0.8697106 0.8693100
502.2000000 0.8698641 0.8697985 0.8695513
502.3000000 0.8698916 0.8698584 0.8697001
502.4000000 0.8699154 0.8699097 0.8698206
502.5000000 0.8699298 0.8698862 0.8696861
502.6000000 0.8699419 0.8698434 0.8694859
502.7000000 0.8699574 0.8698429 0.8694465
502.8000000 0.8699737 0.8698514 0.8694414
502.9000000 0.8699249 0.8696677 0.8688079
503.0000000 0.8698651 0.8694509 0.8680664
503.1000000 0.8699754 0.8696939 0.8687419
503.2000000 0.8701086 0.8699990 0.8696090
503.3000000 0.8701471 0.8700380 0.8696367
503.4000000 0.8701760 0.8700499 0.8695792
503.5000000 0.8700135 0.8695559 0.8680140
503.6000000 0.8698375 0.8690263 0.8663426
503.7000000 0.8698999 0.8691444 0.8666530
503.8000000 0.8699722 0.8692897 0.8670466
503.9000000 0.8699993 0.8692899 0.8669724
504.0000000 0.8700268 0.8692905 0.8668987
504.1000000 0.8701836 0.8696163 0.8677722
504.2000000 0.8703320 0.8699212 0.8685826
504.3000000 0.8702214 0.8695788 0.8674507
504.4000000 0.8701287 0.8692816 0.8664557
504.5000000 0.8703485 0.8697791 0.8678671
504.6000000 0.8705608 0.8702558 0.8692134
504.7000000 0.8706818 0.8704777 0.8697625
504.8000000 0.8707943 0.8706778 0.8702464
504.9000000 0.8708266 0.8706727 0.8701171
505.0000000 0.8708648 0.8706828 0.8700332
505.1000000 0.8709482 0.8708081 0.8702947
505.2000000 0.8710270 0.8709183 0.8705093
505.3000000 0.8710764 0.8709321 0.8704244
505.4000000 0.8711306 0.8709588 0.8703779
505.5000000 0.8712113 0.8710560 0.8705420
505.6000000 0.8712774 0.8711168 0.8705926
505.7000000 0.8712733 0.8710021 0.8700957
505.8000000 0.8712703 0.8708903 0.8696126
505.9000000 0.8712716 0.8707910 0.8691888
506.0000000 0.8713008 0.8707601 0.8689663
506.1000000 0.8714380 0.8709952 0.8695252
506.2000000 0.8715861 0.8712550 0.8701519
506.3000000 0.8717733 0.8716024 0.8710187
506.4000000 0.8719358 0.8718924 0.8717205
506.5000000 0.8720180 0.8719958 0.8718841
506.6000000 0.8720437 0.8719444 0.8715760
506.7000000 0.8718989 0.8714252 0.8698425
506.8000000 0.8718556 0.8711695 0.8689047
506.9000000 0.8720986 0.8716570 0.8702121
507.0000000 0.8723056 0.8720529 0.8712350
507.1000000 0.8724166 0.8722061 0.8715035
507.2000000 0.8724998 0.8722914 0.8715803
507.3000000 0.8725132 0.8722068 0.8711772
507.4000000 0.8725780 0.8722493 0.8711429
507.5000000 0.8727649 0.8725938 0.8719851
507.6000000 0.8728866 0.8727668 0.8723219
507.7000000 0.8728601 0.8725511 0.8715127
507.8000000 0.8728666 0.8724243 0.8709645
507.9000000 0.8729446 0.8724907 0.8709836
508.0000000 0.8730553 0.8726336 0.8712278
508.1000000 0.8732344 0.8729362 0.8719426
508.2000000 0.8733963 0.8732041 0.8725614
508.3000000 0.8735234 0.8734019 0.8729862
508.4000000 0.8736189 0.8735119 0.8731407
508.5000000 0.8736524 0.8734498 0.8727656
508.6000000 0.8736984 0.8734184 0.8724806
508.7000000 0.8737684 0.8734455 0.8723675
508.8000000 0.8738769 0.8735798 0.8725868
508.9000000 0.8740571 0.8739141 0.8734255
509.0000000 0.8742061 0.8741644 0.8740084
509.1000000 0.8742983 0.8742614 0.8741237
509.2000000 0.8743679 0.8743001 0.8740613
509.3000000 0.8743972 0.8742341 0.8736793
509.4000000 0.8744464 0.8742230 0.8734668
509.5000000 0.8745312 0.8743094 0.8735553
509.6000000 0.8746239 0.8744172 0.8737119
509.7000000 0.8747306 0.8745627 0.8739885
509.8000000 0.8748396 0.8747144 0.8742839
509.9000000 0.8749525 0.8748768 0.8746123
510.0000000 0.8750499 0.8750011 0.8748271
510.1000000 0.8751204 0.8750589 0.8748437
510.2000000 0.8751785 0.8750906 0.8747889
510.3000000 0.8752148 0.8750767 0.8746096
510.4000000 0.8752759 0.8751286 0.8746299
510.5000000 0.8753804 0.8752960 0.8750006
510.6000000 0.8754768 0.8754380 0.8752935
510.7000000 0.8755589 0.8755349 0.8754486
510.8000000 0.8756377 0.8756195 0.8755571
510.9000000 0.8757104 0.8756820 0.8755822
511.0000000 0.8757730 0.8757229 0.8755481
511.1000000 0.8758175 0.8757248 0.8754064
511.2000000 0.8758739 0.8757700 0.8754149
511.3000000 0.8759527 0.8758950 0.8757013
511.4000000 0.8760220 0.8759988 0.8759155
511.5000000 0.8760736 0.8760623 0.8759932
511.6000000 0.8761300 0.8761222 0.8760521
511.7000000 0.8761955 0.8761751 0.8760745
511.8000000 0.8762587 0.8762325 0.8761230
511.9000000 0.8763175 0.8762993 0.8762237
512.0000000 0.8763726 0.8763579 0.8762963
512.1000000 0.8764200 0.8763995 0.8763107
512.2000000 0.8764690 0.8764451 0.8763406
512.3000000 0.8765214 0.8764990 0.8764038
512.4000000 0.8765694 0.8765512 0.8764761
512.5000000 0.8766071 0.8765996 0.8765687
512.6000000 0.8766537 0.8766512 0.8766420
512.7000000 0.8767208 0.8767100 0.8766701
512.8000000 0.8767818 0.8767676 0.8767140
512.9000000 0.8768281 0.8768221 0.8767968
513.0000000 0.8768757 0.8768755 0.8768675
513.1000000 0.8769269 0.8769258 0.8769071
513.2000000 0.8769776 0.8769756 0.8769490
513.3000000 0.8770269 0.8770237 0.8769974
513.4000000 0.8770752 0.8770715 0.8770484
513.5000000 0.8771202 0.8771186 0.8771068
513.6000000 0.8771664 0.8771660 0.8771614
513.7000000 0.8772163 0.8772142 0.8772040
513.8000000 0.8772649 0.8772618 0.8772487
513.9000000 0.8773089 0.8773076 0.8773003
514.0000000 0.8773522 0.8773522 0.8773497
514.1000000 0.8773925 0.8773925 0.8773910
514.2000000 0.8774353 0.8774353 0.8774346
514.3000000 0.8774884 0.8774884 0.8774881
514.4000000 0.8775410 0.8775411 0.8775409
514.5000000 0.8775914 0.8775916 0.8775905
514.6000000 0.8776394 0.8776396 0.8776380
514.7000000 0.8776742 0.8776744 0.8776736
514.8000000 0.8777087 0.8777087 0.8777087
514.9000000 0.8777408 0.8777408 0.8777408
515.0000000 0.8777744 0.8777744 0.8777744
515.1000000 0.8778193 0.8778193 0.8778193
515.2000000 0.8778645 0.8778645 0.8778645
515.3000000 0.8779118 0.8779118 0.8779118
515.4000000 0.8779600 0.8779600 0.8779600
515.5000000 0.8780175 0.8780177 0.8780184
515.6000000 0.8780736 0.8780740 0.8780753
515.7000000 0.8781079 0.8781081 0.8781087
515.8000000 0.8781431 0.8781431 0.8781431
515.9000000 0.8782025 0.8782027 0.8782034
516.0000000 0.8782618 0.8782622 0.8782635
516.1000000 0.8783110 0.8783113 0.8783127
516.2000000 0.8783601 0.8783605 0.8783619
516.3000000 0.8784069 0.8784073 0.8784086
516.4000000 0.8784537 0.8784540 0.8784554
516.5000000 0.8784911 0.8784913 0.8784920
516.6000000 0.8785282 0.8785282 0.8785282
516.7000000 0.8785840 0.8785840 0.8785840
516.8000000 0.8786410 0.8786410 0.8786410
516.9000000 0.8786896 0.8786897 0.8786904
517.0000000 0.8787373 0.8787377 0.8787390
517.1000000 0.8787804 0.8787806 0.8787814
517.2000000 0.8788228 0.8788228 0.8788229
517.3000000 0.8788766 0.8788767 0.8788773
517.4000000 0.8789322 0.8789325 0.8789338
517.5000000 0.8789826 0.8789829 0.8789837
517.6000000 0.8790321 0.8790321 0.8790322
517.7000000 0.8790805 0.8790807 0.8790812
517.8000000 0.8791287 0.8791291 0.8791303
517.9000000 0.8791597 0.8791599 0.8791608
518.0000000 0.8791854 0.8791855 0.8791857
518.1000000 0.8792353 0.8792353 0.8792353
518.2000000 0.8792938 0.8792938 0.8792938
518.3000000 0.8793324 0.8793324 0.8793324
518.4000000 0.8793628 0.8793628 0.8793628
518.5000000 0.8794085 0.8794086 0.8794073
518.6000000 0.8794616 0.8794619 0.8794587
518.7000000 0.8795112 0.8795116 0.8795091
518.8000000 0.8795588 0.8795593 0.8795589
518.9000000 0.8796051 0.8796056 0.8796064
519.0000000 0.8796506 0.8796511 0.8796524
519.1000000 0.8796873 0.8796876 0.8796887
519.2000000 0.8797174 0.8797175 0.8797178
519.3000000 0.8797607 0.8797608 0.8797610
519.4000000 0.8798154 0.8798157 0.8798162
519.5000000 0.8798591 0.8798595 0.8798600
519.6000000 0.8798919 0.8798920 0.8798922
519.7000000 0.8799335 0.8799336 0.8799340
519.8000000 0.8799856 0.8799859 0.8799870
519.9000000 0.8800327 0.8800332 0.8800347
520.0000000 0.8800733 0.8800738 0.8800753
520.1000000 0.8801053 0.8801057 0.8801070
520.2000000 0.8801236 0.8801238 0.8801243
520.3000000 0.8801510 0.8801511 0.8801514
520.4000000 0.8801956 0.8801959 0.8801970
520.5000000 0.8802330 0.8802334 0.8802350
520.6000000 0.8802536 0.8802541 0.8802557
520.7000000 0.8802738 0.8802743 0.8802757
520.8000000 0.8802929 0.8802931 0.8802937
520.9000000 0.8803145 0.8803146 0.8803148
521.0000000 0.8803455 0.8803458 0.8803468
521.1000000 0.8803761 0.8803766 0.8803784
521.2000000 0.8804052 0.8804057 0.8804075
521.3000000 0.8804332 0.8804337 0.8804354
521.4000000 0.8804538 0.8804543 0.8804560
521.5000000 0.8804739 0.8804744 0.8804761
521.6000000 0.8804898 0.8804900 0.8804908
521.7000000 0.8805055 0.8805055 0.8805055
521.8000000 0.8805185 0.8805185 0.8805185
521.9000000 0.8805314 0.8805314 0.8805314
522.0000000 0.8805675 0.8805675 0.8805672
522.1000000 0.8806036 0.8806036 0.8806030
522.2000000 0.8806073 0.8806073 0.8806070
522.3000000 0.8806093 0.8806093 0.8806093
522.4000000 0.8806095 0.8806095 0.8806095
522.5000000 0.8806095 0.8806095 0.8806095
522.6000000 0.8806201 0.8806201 0.8806201
522.7000000 0.8806326 0.8806326 0.8806326
522.8000000 0.8806450 0.8806450 0.8806450
522.9000000 0.8806574 0.8806574 0.8806574
523.0000000 0.8806698 0.8806698 0.8806698
523.1000000 0.8806822 0.8806822 0.8806822
523.2000000 0.8806916 0.8806902 0.8806751
523.3000000 0.8806998 0.8806964 0.8806599
523.4000000 0.8807028 0.8806967 0.8806536
523.5000000 0.8807032 0.8806938 0.8806523
523.6000000 0.8807079 0.8806959 0.8806508
523.7000000 0.8807154 0.8807014 0.8806492
523.8000000 0.8807126 0.8807015 0.8806570
523.9000000 0.8807011 0.8806973 0.8806726
524.0000000 0.8806940 0.8806803 0.8806155
524.1000000 0.8806917 0.8806500 0.8804827
524.2000000 0.8806898 0.8806401 0.8804424
524.3000000 0.8806884 0.8806568 0.8805222
524.4000000 0.8806850 0.8806587 0.8805443
524.5000000 0.8806782 0.8806366 0.8804719
524.6000000 0.8806729 0.8806246 0.8804394
524.7000000 0.8806711 0.8806340 0.8804909
524.8000000 0.8806653 0.8806402 0.8805371
524.9000000 0.8806485 0.8806374 0.8805685
525.0000000 0.8806376 0.8806342 0.8805834
525.1000000 0.8806488 0.8806293 0.8805349
525.2000000 0.8806572 0.8806236 0.8804911
525.3000000 0.8806492 0.8806136 0.8804735
525.4000000 0.8806425 0.8806064 0.8804649
525.5000000 0.8806490 0.8806284 0.8805503
525.6000000 0.8806551 0.8806495 0.8806335
525.7000000 0.8806461 0.8806433 0.8806351
525.8000000 0.8806371 0.8806370 0.8806367
525.9000000 0.8806418 0.8806408 0.8806354
526.0000000 0.8806471 0.8806449 0.8806340
526.1000000 0.8806232 0.8806219 0.8806155
526.2000000 0.8805961 0.8805960 0.8805951
526.3000000 0.8806007 0.8805963 0.8805833
526.4000000 0.8806112 0.8806016 0.8805731
526.5000000 0.8806035 0.8805958 0.8805713
526.6000000 0.8805905 0.8805868 0.8805720
526.7000000 0.8805773 0.8805584 0.8804852
526.8000000 0.8805641 0.8805220 0.8803629
526.9000000 0.8805469 0.8805113 0.8803503
527.0000000 0.8805276 0.8805147 0.8803979
527.1000000 0.8805196 0.8805120 0.8804075
527.2000000 0.8805198 0.8805049 0.8803893
527.3000000 0.8805239 0.8805095 0.8804140
527.4000000 0.8805316 0.8805255 0.8804797
527.5000000 0.8805327 0.8805311 0.8805137
527.6000000 0.8805255 0.8805236 0.8805078
527.7000000 0.8805158 0.8805125 0.8804847
527.8000000 0.8805021 0.8804951 0.8804330
527.9000000 0.8804940 0.8804856 0.8804102
528.0000000 0.8804989 0.8804940 0.8804530
528.1000000 0.8804976 0.8804956 0.8804826
528.2000000 0.8804761 0.8804752 0.8804693
528.3000000 0.8804585 0.8804585 0.8804563
528.4000000 0.8804608 0.8804608 0.8804455
528.5000000 0.8804635 0.8804631 0.8804350
528.6000000 0.8804698 0.8804646 0.8804275
528.7000000 0.8804759 0.8804658 0.8804195
528.8000000 0.8804713 0.8804543 0.8803863
528.9000000 0.8804668 0.8804427 0.8803530
529.0000000 0.8804740 0.8804505 0.8803667
529.1000000 0.8804820 0.8804595 0.8803832
529.2000000 0.8804799 0.8804669 0.8804227
529.3000000 0.8804763 0.8804741 0.8804658
529.4000000 0.8804732 0.8804732 0.8804677
529.5000000 0.8804702 0.8804702 0.8804590
529.6000000 0.8804757 0.8804757 0.8804560
529.7000000 0.8804846 0.8804846 0.8804553
529.8000000 0.8804921 0.8804887 0.8804504
529.9000000 0.8804989 0.8804903 0.8804433
530.0000000 0.8805080 0.8805000 0.8804503
530.1000000 0.8805188 0.8805161 0.8804682
530.2000000 0.8805286 0.8805280 0.8804819
530.3000000 0.8805373 0.8805354 0.8804912
530.4000000 0.8805460 0.8805439 0.8805044
530.5000000 0.8805547 0.8805538 0.8805234
530.6000000 0.8805632 0.8805632 0.8805312
530.7000000 0.8805714 0.8805714 0.8805155
530.8000000 0.8805812 0.8805812 0.8805155
530.9000000 0.8805953 0.8805953 0.8805639
531.0000000 0.8806123 0.8806122 0.8806079
531.1000000 0.8806437 0.8806430 0.8806295
531.2000000 0.8806738 0.8806723 0.8806494
531.3000000 0.8806887 0.8806842 0.8806497
531.4000000 0.8807037 0.8806961 0.8806501
531.5000000 0.8807193 0.8807153 0.8806913
531.6000000 0.8807349 0.8807346 0.8807327
531.7000000 0.8807713 0.8807673 0.8807537
531.8000000 0.8808097 0.8808013 0.8807727
531.9000000 0.8808339 0.8808284 0.8808086
532.0000000 0.8808552 0.8808540 0.8808480
532.1000000 0.8808949 0.8808953 0.8808937
532.2000000 0.8809410 0.8809421 0.8809415
532.3000000 0.8809751 0.8809760 0.8809733
532.4000000 0.8810027 0.8810030 0.8809967
532.5000000 0.8810417 0.8810421 0.8810340
532.6000000 0.8810895 0.8810904 0.8810819
532.7000000 0.8811323 0.8811333 0.8811237
532.8000000 0.8811699 0.8811702 0.8811588
532.9000000 0.8812092 0.8812090 0.8811974
533.0000000 0.8812515 0.8812507 0.8812414
533.1000000 0.8812958 0.8812950 0.8812891
533.2000000 0.8813450 0.8813453 0.8813452
533.3000000 0.8813955 0.8813967 0.8814012
533.4000000 0.8814509 0.8814521 0.8814566
533.5000000 0.8815067 0.8815080 0.8815119
533.6000000 0.8815662 0.8815675 0.8815657
533.7000000 0.8816257 0.8816270 0.8816198
533.8000000 0.8816861 0.8816874 0.8816857
533.9000000 0.8817465 0.8817478 0.8817516
534.0000000 0.8818120 0.8818133 0.8818140
534.1000000 0.8818780 0.8818792 0.8818761
534.2000000 0.8819372 0.8819384 0.8819373
534.3000000 0.8819951 0.8819964 0.8819982
534.4000000 0.8820581 0.8820592 0.8820609
534.5000000 0.8821228 0.8821237 0.8821242
534.6000000 0.8821979 0.8821988 0.8821968
534.7000000 0.8822786 0.8822796 0.8822746
534.8000000 0.8823540 0.8823548 0.8823501
534.9000000 0.8824251 0.8824254 0.8824237
535.0000000 0.8824985 0.8824977 0.8824933
535.1000000 0.8825747 0.8825719 0.8825579
535.2000000 0.8826505 0.8826474 0.8826290
535.3000000 0.8827257 0.8827249 0.8827122
535.4000000 0.8827979 0.8827988 0.8827913
535.5000000 0.8828612 0.8828616 0.8828582
535.6000000 0.8829280 0.8829281 0.8829279
535.7000000 0.8830138 0.8830143 0.8830131
535.8000000 0.8830987 0.8830997 0.8830975
535.9000000 0.8831684 0.8831689 0.8831672
536.0000000 0.8832380 0.8832381 0.8832369
536.1000000 0.8832952 0.8832952 0.8832946
536.2000000 0.8833518 0.8833518 0.8833517
536.3000000 0.8834083 0.8834083 0.8834083
536.4000000 0.8834648 0.8834648 0.8834648
536.5000000 0.8835402 0.8835388 0.8835271
536.6000000 0.8836221 0.8836189 0.8835913
536.7000000 0.8836939 0.8836914 0.8836676
536.8000000 0.8837600 0.8837599 0.8837505
536.9000000 0.8838211 0.8838190 0.8838048
537.0000000 0.8838777 0.8838703 0.8838345
537.1000000 0.8839371 0.8839288 0.8838905
537.2000000 0.8839999 0.8839969 0.8839815
537.3000000 0.8840593 0.8840598 0.8840597
537.4000000 0.8841114 0.8841121 0.8841115
537.5000000 0.8841632 0.8841637 0.8841589
537.6000000 0.8842135 0.8842126 0.8841907
537.7000000 0.8842650 0.8842625 0.8842257
537.8000000 0.8843257 0.8843203 0.8842867
537.9000000 0.8843864 0.8843782 0.8843476
538.0000000 0.8844299 0.8844209 0.8843861
538.1000000 0.8844735 0.8844637 0.8844245
538.2000000 0.8845048 0.8844990 0.8844685
538.3000000 0.8845345 0.8845335 0.8845132
538.4000000 0.8845765 0.8845693 0.8845320
538.5000000 0.8846219 0.8846055 0.8845435
538.6000000 0.8846673 0.8846459 0.8845661
538.7000000 0.8847127 0.8846884 0.8845941
538.8000000 0.8847546 0.8847340 0.8846373
538.9000000 0.8847938 0.8847820 0.8846925
539.0000000 0.8848306 0.8848162 0.8847141
539.1000000 0.8848644 0.8848329 0.8846932
539.2000000 0.8848961 0.8848595 0.8847076
539.3000000 0.8849234 0.8849066 0.8847943
539.4000000 0.8849532 0.8849515 0.8848738
539.5000000 0.8849922 0.8849881 0.8849269
539.6000000 0.8850302 0.8850221 0.8849687
539.7000000 0.8850584 0.8850313 0.8849060
539.8000000 0.8850867 0.8850404 0.8848434
539.9000000 0.8851239 0.8850598 0.8848148
540.0000000 0.8851614 0.8850795 0.8847868
540.1000000 0.8851953 0.8851336 0.8848993
540.2000000 0.8852287 0.8851931 0.8850339
540.3000000 0.8852401 0.8851744 0.8849215
540.4000000 0.8852440 0.8851292 0.8847252
540.5000000 0.8852735 0.8851618 0.8847715
540.6000000 0.8853182 0.8852405 0.8849617
540.7000000 0.8853303 0.8852278 0.8848639
540.8000000 0.8853108 0.8851264 0.8844868
540.9000000 0.8852951 0.8850424 0.8841781
541.0000000 0.8852854 0.8849860 0.8839777
541.1000000 0.8852981 0.8849899 0.8839600
541.2000000 0.8853728 0.8851601 0.8844475
541.3000000 0.8854291 0.8852814 0.8847818
541.4000000 0.8853753 0.8851096 0.8842003
541.5000000 0.8853250 0.8849463 0.8836449
541.6000000 0.8854404 0.8851937 0.8843449
541.7000000 0.8855557 0.8854410 0.8850448
541.8000000 0.8855699 0.8854402 0.8849857
541.9000000 0.8855724 0.8854106 0.8848388
542.0000000 0.8855559 0.8853364 0.8845919
542.1000000 0.8855336 0.8852489 0.8843155
542.2000000 0.8855467 0.8852634 0.8843336
542.3000000 0.8855792 0.8853337 0.8845130
542.4000000 0.8856255 0.8854298 0.8847653
542.5000000 0.8856847 0.8855496 0.8850850
542.6000000 0.8857295 0.8856366 0.8853070
542.7000000 0.8857520 0.8856726 0.8853777
542.8000000 0.8857725 0.8856998 0.8854233
542.9000000 0.8857876 0.8857027 0.8853987
543.0000000 0.8858028 0.8857071 0.8853771
543.1000000 0.8858178 0.8857211 0.8853746
543.2000000 0.8858329 0.8857353 0.8853727
543.3000000 0.8858580 0.8857730 0.8854619
543.4000000 0.8858831 0.8858107 0.8855510
543.5000000 0.8858281 0.8856276 0.8849448
543.6000000 0.8857617 0.8854129 0.8842391
543.7000000 0.8857916 0.8854578 0.8843430
543.8000000 0.8858547 0.8855924 0.8847265
543.9000000 0.8859115 0.8857098 0.8850438
544.0000000 0.8859643 0.8858163 0.8853191
544.1000000 0.8860068 0.8859004 0.8855338
544.2000000 0.8860381 0.8859601 0.8856824
544.3000000 0.8860550 0.8859739 0.8856858
544.4000000 0.8860443 0.8859004 0.8854125
544.5000000 0.8860483 0.8858674 0.8852632
544.6000000 0.8861077 0.8859879 0.8855821
544.7000000 0.8861618 0.8860947 0.8858597
544.8000000 0.8861489 0.8860279 0.8856184
544.9000000 0.8861360 0.8859612 0.8853770
545.0000000 0.8861607 0.8859814 0.8853626
545.1000000 0.8861880 0.8860073 0.8853634
545.2000000 0.8862361 0.8860928 0.8855713
545.3000000 0.8862894 0.8861933 0.8858310
545.4000000 0.8863344 0.8862714 0.8860231
545.5000000 0.8863753 0.8863383 0.8861807
545.6000000 0.8863704 0.8862774 0.8859331
545.7000000 0.8863238 0.8861000 0.8853153
545.8000000 0.8863222 0.8860384 0.8850586
545.9000000 0.8863932 0.8861638 0.8853838
546.0000000 0.8864534 0.8862652 0.8856361
546.1000000 0.8864797 0.8862915 0.8856601
546.2000000 0.8865012 0.8863052 0.8856437
546.3000000 0.8864794 0.8862070 0.8852661
546.4000000 0.8864576 0.8861087 0.8848886
546.5000000 0.8865487 0.8862868 0.8853700
546.6000000 0.8866448 0.8864770 0.8858887
546.7000000 0.8866857 0.8865344 0.8860058
546.8000000 0.8867141 0.8865618 0.8860318
546.9000000 0.8867551 0.8866347 0.8862118
547.0000000 0.8868023 0.8867298 0.8864674
547.1000000 0.8868273 0.8867570 0.8865054
547.2000000 0.8868323 0.8867232 0.8863478
547.3000000 0.8868547 0.8867311 0.8863040
547.4000000 0.8869056 0.8868070 0.8864457
547.5000000 0.8869517 0.8868809 0.8866035
547.6000000 0.8869821 0.8869483 0.8868135
547.7000000 0.8870098 0.8870030 0.8869750
547.8000000 0.8870086 0.8869229 0.8866255
547.9000000 0.8870075 0.8868428 0.8862760
548.0000000 0.8870708 0.8869549 0.8865330
548.1000000 0.8871384 0.8870796 0.8868299
548.2000000 0.8871815 0.8871344 0.8869365
548.3000000 0.8872181 0.8871705 0.8869924
548.4000000 0.8872556 0.8872108 0.8870415
548.5000000 0.8872936 0.8872534 0.8870867
548.6000000 0.8873282 0.8872884 0.8871173
548.7000000 0.8873592 0.8873154 0.8871325
548.8000000 0.8873960 0.8873528 0.8871766
548.9000000 0.8874443 0.8874109 0.8872774
549.0000000 0.8874887 0.8874617 0.8873575
549.1000000 0.8875161 0.8874803 0.8873466
549.2000000 0.8875436 0.8874995 0.8873381
549.3000000 0.8875768 0.8875407 0.8874064
549.4000000 0.8876100 0.8875818 0.8874747
549.5000000 0.8876346 0.8875873 0.8874119
549.6000000 0.8876579 0.8875877 0.8873307
549.7000000 0.8876934 0.8876273 0.8873860
549.8000000 0.8877337 0.8876819 0.8874938
549.9000000 0.8877695 0.8877253 0.8875648
550.0000000 0.8878019 0.8877601 0.8876076
550.1000000 0.8878296 0.8877908 0.8876491
550.2000000 0.8878506 0.8878155 0.8876886
550.3000000 0.8878754 0.8878450 0.8877356
550.4000000 0.8879120 0.8878888 0.8878048
550.5000000 0.8879488 0.8879326 0.8878719
550.6000000 0.8879890 0.8879753 0.8879174
550.7000000 0.8880291 0.8880180 0.8879628
550.8000000 0.8880324 0.8880233 0.8879384
550.9000000 0.8880330 0.8880261 0.8879091
551.0000000 0.8880629 0.8880504 0.8879389
551.1000000 0.8881012 0.8880810 0.8879860
551.2000000 0.8881338 0.8881120 0.8880304
551.3000000 0.8881627 0.8881433 0.8880732
551.4000000 0.8881912 0.8881748 0.8881127
551.5000000 0.8882195 0.8882065 0.8881484
551.6000000 0.8882474 0.8882353 0.8881764
551.7000000 0.8882747 0.8882569 0.8881858
551.8000000 0.8883024 0.8882807 0.8882021
551.9000000 0.8883327 0.8883195 0.8882667
552.0000000 0.8883629 0.8883584 0.8883313
552.1000000 0.8883798 0.8883775 0.8883630
552.2000000 0.8883962 0.8883958 0.8883933
552.3000000 0.8884246 0.8884220 0.8884143
552.4000000 0.8884560 0.8884504 0.8884328
552.5000000 0.8884783 0.8884734 0.8884420
552.6000000 0.8884950 0.8884934 0.8884457
552.7000000 0.8885189 0.8885190 0.8884744
552.8000000 0.8885508 0.8885514 0.8885322
552.9000000 0.8885742 0.8885749 0.8885739
553.0000000 0.8885773 0.8885776 0.8885771
553.1000000 0.8885832 0.8885831 0.8885827
553.2000000 0.8886085 0.8886078 0.8886042
553.3000000 0.8886338 0.8886325 0.8886257
553.4000000 0.8886500 0.8886493 0.8886406
553.5000000 0.8886659 0.8886658 0.8886551
553.6000000 0.8886879 0.8886875 0.8886783
553.7000000 0.8887116 0.8887107 0.8887037
553.8000000 0.8887312 0.8887304 0.8887261
553.9000000 0.8887484 0.8887481 0.8887465
554.0000000 0.8887648 0.8887648 0.8887648
554.1000000 0.8887805 0.8887805 0.8887805
554.2000000 0.8887979 0.8887980 0.8887979
554.3000000 0.8888197 0.8888203 0.8888197
554.4000000 0.8888396 0.8888405 0.8888396
554.5000000 0.8888418 0.8888422 0.8888418
554.6000000 0.8888439 0.8888439 0.8888439
554.7000000 0.8888433 0.8888433 0.8888433
554.8000000 0.8888424 0.8888424 0.8888424
554.9000000 0.8888606 0.8888610 0.8888621
555.0000000 0.8888853 0.8888861 0.8888888
555.1000000 0.8889016 0.8889026 0.8889054
555.2000000 0.8889116 0.8889126 0.8889145
555.3000000 0.8889193 0.8889201 0.8889211
555.4000000 0.8889233 0.8889236 0.8889241
555.5000000 0.8889262 0.8889262 0.8889262
555.6000000 0.8889249 0.8889249 0.8889249
555.7000000 0.8889246 0.8889246 0.8889246
555.8000000 0.8889465 0.8889470 0.8889487
555.9000000 0.8889685 0.8889694 0.8889727
556.0000000 0.8889513 0.8889519 0.8889540
556.1000000 0.8889277 0.8889278 0.8889283
556.2000000 0.8889229 0.8889229 0.8889229
556.3000000 0.8889272 0.8889272 0.8889272
556.4000000 0.8889383 0.8889386 0.8889394
556.5000000 0.8889565 0.8889572 0.8889596
556.6000000 0.8889694 0.8889704 0.8889740
556.7000000 0.8889710 0.8889720 0.8889756
556.8000000 0.8889700 0.8889710 0.8889744
556.9000000 0.8889523 0.8889528 0.8889546
557.0000000 0.8889347 0.8889347 0.8889348
557.1000000 0.8889195 0.8889195 0.8889195
557.2000000 0.8889045 0.8889045 0.8889045
557.3000000 0.8888996 0.8888996 0.8888996
557.4000000 0.8888978 0.8888978 0.8888978
557.5000000 0.8888960 0.8888960 0.8888960
557.6000000 0.8888942 0.8888942 0.8888942
557.7000000 0.8888923 0.8888923 0.8888923
557.8000000 0.8888904 0.8888904 0.8888904
557.9000000 0.8888865 0.8888866 0.8888864
558.0000000 0.8888745 0.8888752 0.8888740
558.1000000 0.8888625 0.8888636 0.8888615
558.2000000 0.8888392 0.8888398 0.8888387
558.3000000 0.8888160 0.8888161 0.8888159
558.4000000 0.8888013 0.8888013 0.8888013
558.5000000 0.8887884 0.8887884 0.8887884
558.6000000 0.8887701 0.8887705 0.8887693
558.7000000 0.8887487 0.8887495 0.8887466
558.8000000 0.8887257 0.8887266 0.8887235
558.9000000 0.8887009 0.8887013 0.8886999
559.0000000 0.8886798 0.8886797 0.8886785
559.1000000 0.8886698 0.8886693 0.8886633
559.2000000 0.8886591 0.8886583 0.8886481
559.3000000 0.8886380 0.8886375 0.8886321
559.4000000 0.8886168 0.8886167 0.8886161
559.5000000 0.8885958 0.8885953 0.8885904
559.6000000 0.8885747 0.8885737 0.8885633
559.7000000 0.8885566 0.8885561 0.8885446
559.8000000 0.8885398 0.8885404 0.8885301
559.9000000 0.8885181 0.8885190 0.8885020
560.0000000 0.8884911 0.8884914 0.8884590
560.1000000 0.8884657 0.8884655 0.8884263
