540.0000000 0.8851475 0.8850343 0.8846378
540.1000000 0.8851997 0.8851351 0.8849042
540.2000000 0.8852297 0.8851733 0.8849741
540.3000000 0.8852392 0.8851538 0.8848625
540.4000000 0.8852499 0.8851375 0.8847448
540.5000000 0.8852830 0.8851879 0.8848538
540.6000000 0.8853308 0.8852840 0.8851167
540.7000000 0.8853448 0.8852998 0.8850938
540.8000000 0.8853182 0.8851683 0.8846117
540.9000000 0.8852709 0.8849636 0.8839087
541.0000000 0.8852747 0.8849565 0.8838783
541.1000000 0.8853239 0.8850558 0.8841647
541.2000000 0.8853914 0.8851992 0.8845773
541.3000000 0.8854134 0.8852448 0.8846718
541.4000000 0.8854178 0.8852254 0.8845575
541.5000000 0.8854098 0.8851635 0.8843096
541.6000000 0.8853863 0.8850571 0.8839304
541.7000000 0.8854640 0.8852053 0.8843141
541.8000000 0.8855592 0.8854016 0.8848471
541.9000000 0.8855627 0.8853815 0.8847485
542.0000000 0.8855656 0.8853689 0.8847027
542.1000000 0.8855621 0.8853355 0.8845925
542.2000000 0.8855395 0.8852303 0.8842287
542.3000000 0.8855945 0.8853644 0.8846009
542.4000000 0.8856515 0.8855039 0.8849892
542.5000000 0.8856509 0.8854633 0.8848208
542.6000000 0.8857048 0.8855770 0.8851359
542.7000000 0.8857566 0.8856868 0.8854337
542.8000000 0.8857707 0.8856945 0.8853993
542.9000000 0.8857818 0.8856818 0.8853256
543.0000000 0.8857939 0.8856771 0.8852756
543.1000000 0.8858096 0.8856978 0.8852912
543.2000000 0.8858247 0.8857103 0.8852969
543.3000000 0.8858507 0.8857614 0.8854300
543.4000000 0.8858964 0.8858858 0.8857993
543.5000000 0.8858466 0.8856917 0.8851389
543.6000000 0.8857953 0.8855005 0.8845001
543.7000000 0.8857661 0.8853962 0.8841633
543.8000000 0.8858262 0.8855180 0.8845018
543.9000000 0.8858975 0.8856714 0.8849285
544.0000000 0.8859686 0.8858291 0.8853579
544.1000000 0.8860201 0.8859406 0.8856670
544.2000000 0.8860366 0.8859523 0.8856639
544.3000000 0.8860068 0.8858306 0.8852399
544.4000000 0.8860427 0.8858924 0.8853912
544.5000000 0.8860852 0.8859747 0.8856009
544.6000000 0.8861291 0.8860641 0.8858261
544.7000000 0.8861563 0.8860863 0.8858297
544.8000000 0.8861492 0.8860228 0.8855875
544.9000000 0.8861013 0.8858595 0.8850606
545.0000000 0.8861303 0.8858920 0.8850590
545.1000000 0.8861851 0.8860011 0.8853367
545.2000000 0.8862659 0.8861886 0.8859102
545.3000000 0.8863020 0.8862292 0.8859502
545.4000000 0.8863395 0.8862817 0.8860472
545.5000000 0.8863802 0.8863521 0.8862249
545.6000000 0.8863789 0.8862968 0.8859831
545.7000000 0.8863461 0.8861580 0.8854904
545.8000000 0.8862811 0.8859336 0.8847416
545.9000000 0.8863759 0.8861236 0.8852688
546.0000000 0.8864296 0.8862046 0.8854560
546.1000000 0.8864406 0.8861717 0.8852882
546.2000000 0.8865416 0.8864159 0.8859836
546.3000000 0.8865303 0.8863497 0.8857150
546.4000000 0.8864108 0.8859837 0.8845145
546.5000000 0.8865683 0.8863352 0.8855078
546.6000000 0.8866530 0.8865037 0.8859637
546.7000000 0.8866681 0.8864968 0.8859046
546.8000000 0.8866991 0.8865258 0.8859220
546.9000000 0.8867450 0.8866068 0.8861182
547.0000000 0.8868037 0.8867329 0.8864707
547.1000000 0.8867777 0.8866132 0.8860573
547.2000000 0.8868132 0.8866758 0.8862119
547.3000000 0.8869047 0.8869035 0.8868785
547.4000000 0.8869172 0.8868476 0.8865634
547.5000000 0.8869498 0.8868817 0.8865965
547.6000000 0.8870009 0.8869979 0.8869468
547.7000000 0.8870266 0.8870218 0.8869686
547.8000000 0.8870178 0.8869380 0.8866435
547.9000000 0.8869790 0.8867607 0.8860160
548.0000000 0.8870764 0.8869726 0.8865799
548.1000000 0.8871447 0.8870974 0.8868891
548.2000000 0.8871858 0.8871403 0.8869582
548.3000000 0.8872153 0.8871641 0.8869707
548.4000000 0.8872574 0.8872174 0.8870643
548.5000000 0.8873109 0.8872979 0.8872329
548.6000000 0.8873308 0.8872984 0.8871598
548.7000000 0.8873578 0.8873040 0.8870963
548.8000000 0.8873917 0.8873148 0.8870431
548.9000000 0.8874443 0.8873976 0.8872292
549.0000000 0.8874857 0.8874559 0.8873418
549.1000000 0.8875158 0.8874894 0.8873806
549.2000000 0.8875452 0.8874971 0.8873240
549.3000000 0.8875759 0.8875297 0.8873624
549.4000000 0.8876082 0.8875884 0.8874999
549.5000000 0.8876326 0.8875806 0.8873956
549.6000000 0.8876632 0.8876023 0.8873841
549.7000000 0.8877004 0.8876570 0.8874767
549.8000000 0.8877309 0.8876749 0.8874674
549.9000000 0.8877645 0.8877087 0.8875092
550.0000000 0.8878019 0.8877616 0.8876120
550.1000000 0.8878312 0.8878031 0.8876931
550.2000000 0.8878536 0.8878272 0.8877230
550.3000000 0.8878679 0.8878310 0.8876925
550.4000000 0.8879050 0.8878776 0.8877839
550.5000000 0.8879489 0.8879304 0.8878671
550.6000000 0.8879996 0.8879879 0.8879311
550.7000000 0.8880213 0.8880152 0.8879566
550.8000000 0.8880327 0.8880306 0.8879775
550.9000000 0.8880331 0.8880329 0.8879961
551.0000000 0.8880603 0.8880456 0.8879509
551.1000000 0.8880910 0.8880614 0.8879221
551.2000000 0.8881233 0.8880802 0.8879268
551.3000000 0.8881609 0.8881369 0.8880520
551.4000000 0.8881928 0.8881825 0.8881394
551.5000000 0.8882145 0.8882030 0.8881426
551.6000000 0.8882470 0.8882367 0.8881799
551.7000000 0.8882777 0.8882650 0.8882058
551.8000000 0.8883021 0.8882806 0.8882025
551.9000000 0.8883288 0.8883187 0.8882778
552.0000000 0.8883572 0.8883565 0.8883436
552.1000000 0.8883882 0.8883858 0.8883633
552.2000000 0.8884000 0.8883988 0.8883877
552.3000000 0.8884173 0.8884152 0.8884089
552.4000000 0.8884556 0.8884468 0.8884206
552.5000000 0.8884776 0.8884721 0.8884291
552.6000000 0.8884994 0.8884975 0.8884467
552.7000000 0.8885309 0.8885271 0.8884892
552.8000000 0.8885566 0.8885549 0.8885374
552.9000000 0.8885754 0.8885761 0.8885755
553.0000000 0.8885792 0.8885794 0.8885793
553.1000000 0.8885799 0.8885799 0.8885799
553.2000000 0.8885883 0.8885880 0.8885864
553.3000000 0.8886271 0.8886253 0.8886164
553.4000000 0.8886508 0.8886486 0.8886376
553.5000000 0.8886692 0.8886670 0.8886548
553.6000000 0.8886909 0.8886888 0.8886703
553.7000000 0.8887123 0.8887116 0.8887015
553.8000000 0.8887331 0.8887339 0.8887366
553.9000000 0.8887514 0.8887516 0.8887524
554.0000000 0.8887576 0.8887576 0.8887576
554.1000000 0.8887619 0.8887619 0.8887622
554.2000000 0.8887997 0.8888004 0.8888027
554.3000000 0.8888246 0.8888255 0.8888264
554.4000000 0.8888401 0.8888409 0.8888386
554.5000000 0.8888432 0.8888435 0.8888428
554.6000000 0.8888441 0.8888441 0.8888441
554.7000000 0.8888434 0.8888434 0.8888434
554.8000000 0.8888448 0.8888448 0.8888448
554.9000000 0.8888618 0.8888622 0.8888633
555.0000000 0.8888925 0.8888935 0.8888969
555.1000000 0.8889013 0.8889023 0.8889057
555.2000000 0.8889111 0.8889121 0.8889145
555.3000000 0.8889217 0.8889227 0.8889232
555.4000000 0.8889250 0.8889254 0.8889255
555.5000000 0.8889262 0.8889262 0.8889262
555.6000000 0.8889249 0.8889249 0.8889249
555.7000000 0.8889237 0.8889237 0.8889237
555.8000000 0.8889360 0.8889362 0.8889372
555.9000000 0.8889686 0.8889695 0.8889727
556.0000000 0.8889621 0.8889625 0.8889640
556.1000000 0.8889457 0.8889457 0.8889457
556.2000000 0.8889211 0.8889211 0.8889211
556.3000000 0.8889286 0.8889286 0.8889286
556.4000000 0.8889441 0.8889443 0.8889450
556.5000000 0.8889627 0.8889636 0.8889666
556.6000000 0.8889701 0.8889711 0.8889747
556.7000000 0.8889729 0.8889739 0.8889775
556.8000000 0.8889713 0.8889723 0.8889759
556.9000000 0.8889593 0.8889599 0.8889618
557.0000000 0.8889409 0.8889409 0.8889409
557.1000000 0.8889119 0.8889119 0.8889119
557.2000000 0.8889014 0.8889014 0.8889014
557.3000000 0.8888996 0.8888996 0.8888996
557.4000000 0.8888978 0.8888978 0.8888978
557.5000000 0.8888960 0.8888960 0.8888960
557.6000000 0.8888942 0.8888942 0.8888942
557.7000000 0.8888923 0.8888923 0.8888923
557.8000000 0.8888904 0.8888904 0.8888904
557.9000000 0.8888880 0.8888880 0.8888879
558.0000000 0.8888752 0.8888760 0.8888728
558.1000000 0.8888630 0.8888642 0.8888620
558.2000000 0.8888513 0.8888525 0.8888554
558.3000000 0.8888137 0.8888141 0.8888152
558.4000000 0.8887904 0.8887904 0.8887904
558.5000000 0.8887848 0.8887848 0.8887848
558.6000000 0.8887683 0.8887690 0.8887668
558.7000000 0.8887491 0.8887503 0.8887477
558.8000000 0.8887274 0.8887286 0.8887284
558.9000000 0.8887007 0.8887013 0.8887013
559.0000000 0.8886797 0.8886800 0.8886782
559.1000000 0.8886714 0.8886725 0.8886652
559.2000000 0.8886587 0.8886584 0.8886458
559.3000000 0.8886414 0.8886400 0.8886264
559.4000000 0.8886144 0.8886141 0.8886112
559.5000000 0.8885916 0.8885905 0.8885846
559.6000000 0.8885723 0.8885705 0.8885594
559.7000000 0.8885602 0.8885607 0.8885552
559.8000000 0.8885414 0.8885426 0.8885336
559.9000000 0.8885181 0.8885189 0.8885008
560.0000000 0.8884863 0.8884865 0.8884499
560.1000000 0.8884628 0.8884622 0.8884303
560.2000000 0.8884442 0.8884427 0.8884295
560.3000000 0.8884183 0.8884178 0.8884057
560.4000000 0.8883929 0.8883929 0.8883854
560.5000000 0.8883681 0.8883681 0.8883681
560.6000000 0.8883567 0.8883560 0.8883417
560.7000000 0.8883398 0.8883375 0.8883161
560.8000000 0.8883165 0.8883118 0.8882916
560.9000000 0.8882812 0.8882800 0.8882594
561.0000000 0.8882417 0.8882427 0.8882178
561.1000000 0.8881972 0.8881973 0.8881629
561.2000000 0.8881749 0.8881749 0.8881479
561.3000000 0.8881593 0.8881596 0.8881427
561.4000000 0.8881500 0.8881513 0.8881439
561.5000000 0.8881259 0.8881274 0.8881200
561.6000000 0.8880964 0.8880977 0.8880895
561.7000000 0.8880629 0.8880632 0.8880613
561.8000000 0.8880166 0.8880166 0.8880110
561.9000000 0.8879712 0.8879712 0.8879581
562.0000000 0.8879589 0.8879589 0.8879406
562.1000000 0.8879454 0.8879460 0.8879304
562.2000000 0.8879302 0.8879318 0.8879220
562.3000000 0.8879053 0.8879069 0.8878847
562.4000000 0.8878773 0.8878783 0.8878603
562.5000000 0.8878467 0.8878467 0.8878467
562.6000000 0.8878242 0.8878200 0.8877932
562.7000000 0.8877976 0.8877931 0.8877642
562.8000000 0.8877665 0.8877662 0.8877639
562.9000000 0.8877471 0.8877365 0.8876956
563.0000000 0.8877254 0.8877118 0.8876559
563.1000000 0.8876978 0.8876958 0.8876739
563.2000000 0.8876619 0.8876619 0.8876544
563.3000000 0.8876306 0.8876309 0.8876320
563.4000000 0.8876145 0.8876160 0.8876210
563.5000000 0.8875994 0.8876012 0.8876031
563.6000000 0.8875828 0.8875844 0.8875824
563.7000000 0.8875594 0.8875598 0.8875593
563.8000000 0.8875313 0.8875318 0.8875287
563.9000000 0.8875012 0.8875014 0.8874915
564.0000000 0.8874752 0.8874675 0.8874338
564.1000000 0.8874461 0.8874387 0.8873988
564.2000000 0.8874147 0.8874138 0.8873808
564.3000000 0.8873931 0.8873910 0.8873600
564.4000000 0.8873649 0.8873630 0.8873424
564.5000000 0.8873296 0.8873295 0.8873281
564.6000000 0.8873135 0.8873135 0.8873135
564.7000000 0.8873000 0.8872999 0.8872984
564.8000000 0.8872882 0.8872876 0.8872823
564.9000000 0.8872606 0.8872591 0.8872491
565.0000000 0.8872298 0.8872246 0.8872001
565.1000000 0.8871982 0.8871832 0.8871205
565.2000000 0.8871793 0.8871689 0.8871185
565.3000000 0.8871604 0.8871581 0.8871352
565.4000000 0.8871228 0.8871222 0.8871161
565.5000000 0.8870936 0.8870889 0.8870744
565.6000000 0.8870693 0.8870581 0.8870233
565.7000000 0.8870466 0.8870359 0.8870030
565.8000000 0.8870145 0.8870076 0.8869869
565.9000000 0.8869745 0.8869744 0.8869743
566.0000000 0.8869673 0.8869668 0.8869630
566.1000000 0.8869512 0.8869466 0.8869246
566.2000000 0.8869239 0.8869104 0.8868522
566.3000000 0.8868910 0.8868715 0.8867944
566.4000000 0.8868606 0.8868397 0.8867598
566.5000000 0.8868360 0.8868222 0.8867666
566.6000000 0.8868033 0.8867799 0.8866811
566.7000000 0.8867696 0.8867352 0.8865902
566.8000000 0.8867394 0.8867038 0.8865619
566.9000000 0.8866942 0.8866740 0.8865810
567.0000000 0.8866418 0.8866414 0.8866013
567.1000000 0.8865883 0.8865842 0.8864835
567.2000000 0.8865556 0.8865385 0.8864137
567.3000000 0.8865380 0.8865019 0.8863815
567.4000000 0.8865070 0.8864945 0.8864527
567.5000000 0.8864557 0.8864097 0.8862420
567.6000000 0.8863811 0.8862371 0.8857116
567.7000000 0.8863601 0.8862231 0.8857505
567.8000000 0.8863456 0.8862471 0.8859071
567.9000000 0.8863336 0.8863123 0.8861778
568.0000000 0.8862743 0.8861971 0.8858975
568.1000000 0.8862136 0.8860747 0.8855992
568.2000000 0.8861843 0.8860656 0.8856598
568.3000000 0.8860747 0.8858474 0.8850705
568.4000000 0.8859324 0.8855458 0.8842327
568.5000000 0.8858129 0.8853142 0.8836797
568.6000000 0.8857759 0.8853046 0.8837531
568.7000000 0.8857953 0.8854467 0.8842536
568.8000000 0.8855525 0.8849140 0.8827996
568.9000000 0.8855203 0.8849028 0.8828722
569.0000000 0.8857361 0.8855057 0.8847421
569.1000000 0.8854151 0.8847543 0.8825954
569.2000000 0.8852338 0.8843748 0.8815787
569.3000000 0.8854358 0.8850011 0.8835970
569.4000000 0.8853777 0.8849026 0.8833489
569.5000000 0.8853098 0.8847724 0.8829983
569.6000000 0.8854628 0.8852406 0.8845052
569.7000000 0.8854281 0.8852167 0.8845022
569.8000000 0.8852921 0.8849333 0.8837134
569.9000000 0.8851088 0.8845795 0.8828094
570.0000000 0.8849817 0.8843600 0.8822785
570.1000000 0.8849028 0.8842554 0.8820665
570.2000000 0.8848765 0.8843093 0.8824184
570.3000000 0.8849069 0.8844870 0.8831003
570.4000000 0.8850154 0.8848334 0.8842285
570.5000000 0.8850075 0.8848771 0.8844348
570.6000000 0.8849874 0.8848897 0.8845503
570.7000000 0.8849868 0.8849541 0.8848327
570.8000000 0.8849214 0.8848452 0.8845867
570.9000000 0.8848442 0.8847115 0.8842687
571.0000000 0.8848305 0.8847860 0.8846046
571.1000000 0.8847876 0.8847523 0.8846039
571.2000000 0.8847234 0.8846427 0.8843677
571.3000000 0.8846146 0.8844426 0.8838555
571.4000000 0.8845295 0.8843018 0.8835467
571.5000000 0.8844712 0.8842281 0.8834686
571.6000000 0.8844757 0.8843722 0.8840114
571.7000000 0.8844681 0.8844541 0.8843433
571.8000000 0.8844232 0.8843677 0.8841287
571.9000000 0.8842502 0.8839766 0.8830369
572.0000000 0.8840552 0.8835404 0.8818219
572.1000000 0.8839235 0.8832829 0.8811466
572.2000000 0.8839182 0.8833417 0.8814193
572.3000000 0.8839867 0.8835842 0.8822411
572.4000000 0.8840763 0.8838654 0.8831630
572.5000000 0.8840855 0.8839377 0.8834478
572.6000000 0.8840146 0.8838014 0.8830971
572.7000000 0.8839811 0.8837660 0.8830360
572.8000000 0.8839425 0.8837305 0.8830027
572.9000000 0.8838899 0.8836818 0.8829811
573.0000000 0.8836967 0.8832213 0.8816507
573.1000000 0.8835711 0.8829313 0.8808198
573.2000000 0.8838073 0.8836051 0.8829043
573.3000000 0.8838603 0.8837769 0.8834757
573.4000000 0.8838183 0.8836886 0.8832617
573.5000000 0.8837999 0.8836697 0.8832407
573.6000000 0.8837730 0.8836283 0.8831501
573.7000000 0.8837381 0.8835654 0.8829933
573.8000000 0.8835598 0.8831338 0.8817374
573.9000000 0.8834978 0.8830024 0.8813706
574.0000000 0.8836514 0.8834277 0.8826520
574.1000000 0.8837048 0.8836101 0.8832455
574.2000000 0.8837013 0.8836360 0.8833647
574.3000000 0.8835887 0.8833341 0.8824452
574.4000000 0.8835959 0.8833441 0.8824686
574.5000000 0.8836538 0.8834862 0.8828917
574.6000000 0.8835401 0.8831809 0.8819723
574.7000000 0.8834805 0.8830332 0.8815512
574.8000000 0.8834744 0.8830421 0.8816254
574.9000000 0.8835889 0.8833240 0.8824289
575.0000000 0.8836871 0.8835679 0.8831321
575.1000000 0.8837378 0.8837019 0.8835440
575.2000000 0.8837379 0.8836552 0.8833448
575.3000000 0.8837239 0.8835659 0.8830132
575.4000000 0.8837119 0.8835144 0.8828567
575.5000000 0.8836883 0.8834303 0.8825680
575.6000000 0.8836645 0.8833431 0.8822498
575.7000000 0.8837767 0.8835902 0.8829444
575.8000000 0.8838458 0.8837315 0.8833207
575.9000000 0.8838664 0.8837534 0.8833382
576.0000000 0.8838602 0.8836967 0.8831094
576.1000000 0.8838799 0.8837009 0.8830525
576.2000000 0.8839633 0.8838585 0.8834349
576.3000000 0.8839897 0.8838498 0.8833401
576.4000000 0.8839990 0.8837943 0.8831111
576.5000000 0.8840257 0.8838070 0.8830808
576.6000000 0.8840876 0.8839451 0.8834539
576.7000000 0.8841752 0.8841749 0.8841219
576.8000000 0.8841888 0.8840733 0.8836652
576.9000000 0.8842364 0.8840801 0.8835463
577.0000000 0.8843316 0.8842389 0.8839015
577.1000000 0.8843714 0.8842676 0.8839025
577.2000000 0.8844027 0.8842674 0.8838005
577.3000000 0.8844406 0.8842569 0.8836001
577.4000000 0.8844822 0.8842523 0.8834325
577.5000000 0.8845342 0.8842792 0.8833750
577.6000000 0.8846711 0.8845872 0.8842410
577.7000000 0.8847733 0.8847244 0.8845016
577.8000000 0.8848424 0.8846976 0.8841806
577.9000000 0.8849393 0.8848764 0.8846264
578.0000000 0.8850405 0.8850248 0.8849331
578.1000000 0.8851460 0.8850844 0.8848598
578.2000000 0.8852515 0.8851793 0.8849168
578.3000000 0.8853552 0.8852791 0.8849948
578.4000000 0.8854505 0.8853495 0.8849796
578.5000000 0.8855772 0.8855076 0.8852539
578.6000000 0.8857255 0.8857253 0.8857247
578.7000000 0.8858448 0.8858210 0.8857297
578.8000000 0.8859689 0.8859310 0.8857788
578.9000000 0.8860995 0.8860606 0.8858885
579.0000000 0.8862403 0.8861931 0.8859933
579.1000000 0.8863857 0.8863398 0.8861467
579.2000000 0.8865392 0.8865276 0.8864494
579.3000000 0.8867115 0.8867092 0.8866358
579.4000000 0.8868934 0.8868856 0.8867589
579.5000000 0.8870759 0.8870366 0.8868315
579.6000000 0.8872745 0.8872354 0.8870418
579.7000000 0.8874899 0.8874843 0.8873967
579.8000000 0.8876807 0.8876636 0.8875681
579.9000000 0.8878642 0.8878304 0.8876964
580.0000000 0.8880378 0.8879867 0.8877745
580.1000000 0.8882399 0.8882079 0.8880389
580.2000000 0.8884552 0.8884522 0.8883686
580.3000000 0.8886845 0.8886835 0.8886573
580.4000000 0.8888910 0.8888763 0.8888232
580.5000000 0.8890784 0.8890366 0.8888857
580.6000000 0.8892451 0.8891919 0.8889942
580.7000000 0.8894213 0.8893681 0.8891630
580.8000000 0.8896161 0.8895818 0.8894337
580.9000000 0.8898129 0.8897975 0.8897279
581.0000000 0.8900122 0.8900092 0.8899956
581.1000000 0.8902202 0.8902002 0.8901110
581.2000000 0.8903995 0.8903825 0.8902909
581.3000000 0.8905587 0.8905586 0.8905159
581.4000000 0.8907252 0.8907029 0.8905912
581.5000000 0.8908889 0.8908563 0.8907145
581.6000000 0.8910485 0.8910235 0.8909101
581.7000000 0.8911995 0.8911812 0.8910423
581.8000000 0.8913555 0.8913386 0.8911628
581.9000000 0.8915369 0.8915030 0.8912958
582.0000000 0.8917157 0.8916863 0.8915294
582.1000000 0.8918916 0.8918792 0.8918192
582.2000000 0.8920228 0.8920073 0.8919274
582.3000000 0.8921552 0.8921259 0.8919951
582.4000000 0.8922890 0.8922320 0.8920094
582.5000000 0.8924332 0.8923933 0.8922152
582.6000000 0.8925763 0.8925592 0.8924510
582.7000000 0.8927096 0.8927051 0.8926631
582.8000000 0.8928368 0.8928148 0.8927172
582.9000000 0.8929607 0.8929069 0.8926939
583.0000000 0.8930866 0.8930446 0.8928666
583.1000000 0.8932067 0.8931733 0.8930108
583.2000000 0.8933200 0.8932910 0.8931201
583.3000000 0.8934332 0.8934152 0.8932544
583.4000000 0.8935479 0.8935264 0.8933496
583.5000000 0.8936672 0.8935962 0.8933173
583.6000000 0.8938003 0.8937337 0.8934924
583.7000000 0.8939389 0.8939034 0.8937665
583.8000000 0.8940505 0.8940204 0.8938815
583.9000000 0.8941517 0.8941107 0.8939383
584.0000000 0.8942405 0.8941694 0.8939264
584.1000000 0.8943368 0.8942679 0.8940104
584.2000000 0.8944392 0.8943782 0.8941275
584.3000000 0.8945555 0.8945033 0.8942942
584.4000000 0.8946573 0.8946038 0.8943966
584.5000000 0.8947505 0.8946889 0.8944583
584.6000000 0.8948264 0.8947314 0.8943971
584.7000000 0.8949216 0.8948375 0.8945429
584.8000000 0.8950400 0.8950199 0.8949375
584.9000000 0.8951265 0.8950930 0.8949641
585.0000000 0.8952116 0.8951602 0.8949687
585.1000000 0.8953094 0.8952665 0.8950986
585.2000000 0.8953600 0.8952407 0.8948092
585.3000000 0.8953904 0.8951600 0.8943488
585.4000000 0.8955395 0.8954568 0.8951524
585.5000000 0.8956392 0.8956001 0.8954506
585.6000000 0.8956758 0.8955480 0.8951052
585.7000000 0.8957900 0.8957091 0.8954356
585.8000000 0.8959066 0.8958789 0.8957913
585.9000000 0.8959809 0.8959380 0.8957886
586.0000000 0.8959826 0.8958112 0.8952257
586.1000000 0.8959443 0.8955824 0.8943569
586.2000000 0.8960658 0.8957903 0.8948716
586.3000000 0.8961780 0.8959780 0.8953073
586.4000000 0.8962772 0.8961373 0.8956314
586.5000000 0.8963500 0.8962285 0.8957849
586.6000000 0.8963940 0.8962400 0.8956953
586.7000000 0.8963489 0.8959990 0.8948019
586.8000000 0.8964188 0.8960728 0.8948998
586.9000000 0.8965673 0.8963619 0.8956757
587.0000000 0.8966201 0.8964053 0.8956545
587.1000000 0.8966066 0.8962753 0.8951321
587.2000000 0.8964860 0.8958657 0.8938034
587.3000000 0.8966578 0.8962248 0.8947806
587.4000000 0.8968724 0.8966962 0.8960921
587.5000000 0.8968518 0.8965487 0.8955340
587.6000000 0.8966997 0.8960670 0.8939803
587.7000000 0.8964403 0.8953127 0.8916149
587.8000000 0.8966361 0.8957239 0.8927470
587.9000000 0.8968599 0.8962178 0.8941269
588.0000000 0.8970825 0.8967311 0.8955637
588.1000000 0.8966741 0.8956277 0.8922113
588.2000000 0.8961132 0.8941311 0.8876891
588.3000000 0.8963197 0.8945788 0.8888860
588.4000000 0.8962513 0.8943181 0.8880272
588.5000000 0.8959046 0.8933396 0.8850856
588.6000000 0.8965420 0.8948936 0.8895533
588.7000000 0.8966910 0.8952485 0.8905689
588.8000000 0.8951888 0.8915103 0.8797589
588.9000000 0.8952796 0.8916690 0.8801100
589.0000000 0.8961349 0.8936958 0.8858122
589.1000000 0.8957356 0.8926058 0.8826108
589.2000000 0.8955601 0.8921140 0.8811393
589.3000000 0.8956794 0.8924097 0.8819457
589.4000000 0.8958970 0.8928901 0.8832157
589.5000000 0.8962029 0.8935806 0.8850926
589.6000000 0.8967706 0.8949362 0.8889517
589.7000000 0.8968117 0.8949867 0.8890259
589.8000000 0.8964825 0.8941200 0.8864398
589.9000000 0.8960927 0.8930721 0.8834085
590.0000000 0.8956816 0.8919982 0.8803078
590.1000000 0.8952349 0.8908869 0.8771050
590.2000000 0.8953606 0.8911824 0.8780438
590.3000000 0.8957544 0.8921379 0.8808640
590.4000000 0.8966236 0.8942668 0.8866940
590.5000000 0.8971717 0.8955974 0.8903885
590.6000000 0.8974045 0.8961438 0.8919848
590.7000000 0.8976226 0.8966507 0.8934753
590.8000000 0.8976040 0.8965689 0.8932136
590.9000000 0.8969449 0.8948949 0.8882078
591.0000000 0.8968492 0.8946371 0.8874561
591.1000000 0.8970451 0.8951113 0.8889016
591.2000000 0.8968373 0.8945460 0.8871574
591.3000000 0.8967821 0.8943842 0.8866309
591.4000000 0.8969459 0.8948019 0.8878526
591.5000000 0.8971717 0.8953610 0.8894644
591.6000000 0.8973381 0.8957685 0.8906229
591.7000000 0.8971337 0.8952513 0.8890610
591.8000000 0.8972743 0.8955799 0.8899773
591.9000000 0.8976984 0.8966037 0.8929305
592.0000000 0.8951999 0.8904769 0.8754583
592.1000000 0.8941059 0.8878000 0.8678411
592.2000000 0.8967237 0.8942359 0.8862546
592.3000000 0.8973014 0.8956533 0.8902740
592.4000000 0.8968869 0.8946287 0.8872865
592.5000000 0.8957541 0.8918122 0.8791264
592.6000000 0.8957525 0.8918094 0.8791281
592.7000000 0.8972069 0.8954285 0.8896352
592.8000000 0.8978428 0.8970104 0.8942376
592.9000000 0.8980787 0.8975945 0.8959378
593.0000000 0.8974060 0.8959067 0.8910105
593.1000000 0.8974249 0.8959871 0.8913111
593.2000000 0.8979765 0.8974294 0.8956384
593.3000000 0.8969896 0.8950179 0.8887189
593.4000000 0.8965517 0.8939422 0.8856040
593.5000000 0.8975251 0.8963159 0.8923515
593.6000000 0.8977639 0.8969212 0.8940989
593.7000000 0.8976918 0.8967787 0.8937358
593.8000000 0.8979410 0.8974179 0.8956472
593.9000000 0.8979725 0.8975151 0.8959770
594.0000000 0.8977217 0.8969096 0.8942563
594.1000000 0.8973083 0.8959130 0.8913372
594.2000000 0.8965256 0.8940071 0.8858525
594.3000000 0.8942415 0.8883959 0.8700137
594.4000000 0.8946682 0.8894742 0.8731790
594.5000000 0.8972911 0.8959725 0.8917413
594.6000000 0.8965936 0.8942696 0.8867346
594.7000000 0.8957010 0.8920890 0.8804235
594.8000000 0.8949963 0.8903818 0.8756377
594.9000000 0.8957427 0.8922186 0.8809841
595.0000000 0.8971414 0.8956481 0.8908775
595.1000000 0.8964354 0.8939300 0.8858749
595.2000000 0.8963191 0.8936862 0.8851889
595.3000000 0.8970688 0.8956070 0.8908410
595.4000000 0.8974844 0.8967041 0.8941297
595.5000000 0.8977088 0.8973240 0.8960353
595.6000000 0.8973713 0.8965244 0.8937831
595.7000000 0.8971745 0.8960423 0.8923656
595.8000000 0.8971120 0.8958637 0.8917454
595.9000000 0.8961224 0.8934856 0.8849500
596.0000000 0.8955969 0.8922536 0.8814836
596.1000000 0.8968775 0.8954434 0.8907727
596.2000000 0.8974112 0.8967912 0.8947236
596.3000000 0.8974747 0.8969792 0.8953135
596.4000000 0.8973846 0.8967953 0.8948337
596.5000000 0.8973580 0.8967727 0.8948270
596.6000000 0.8974575 0.8970686 0.8957547
596.7000000 0.8970912 0.8961917 0.8932110
596.8000000 0.8965216 0.8948003 0.8891460
596.9000000 0.8957742 0.8929305 0.8836893
597.0000000 0.8957339 0.8928568 0.8835229
597.1000000 0.8965869 0.8950524 0.8900415
597.2000000 0.8967796 0.8955648 0.8915788
597.3000000 0.8968728 0.8958178 0.8923435
597.4000000 0.8972561 0.8967819 0.8951899
597.5000000 0.8971566 0.8965702 0.8946076
597.6000000 0.8966348 0.8953295 0.8910244
597.7000000 0.8968133 0.8957791 0.8923411
597.8000000 0.8968295 0.8958171 0.8924443
597.9000000 0.8961475 0.8941145 0.8874435
598.0000000 0.8963957 0.8947661 0.8894142
598.1000000 0.8972121 0.8968562 0.8956446
598.2000000 0.8970899 0.8965460 0.8947303
598.3000000 0.8970388 0.8964211 0.8943703
598.4000000 0.8971559 0.8967330 0.8953159
598.5000000 0.8971766 0.8967946 0.8955149
598.6000000 0.8971491 0.8967340 0.8953497
598.7000000 0.8970106 0.8964243 0.8944528
598.8000000 0.8969491 0.8962852 0.8940672
598.9000000 0.8969920 0.8963776 0.8943759
599.0000000 0.8968695 0.8960950 0.8935559
599.1000000 0.8967258 0.8957651 0.8925898
599.2000000 0.8967299 0.8957740 0.8926223
599.3000000 0.8967725 0.8958845 0.8929585
599.4000000 0.8968533 0.8960961 0.8935973
599.5000000 0.8969138 0.8962437 0.8940322
599.6000000 0.8970008 0.8964583 0.8946606
599.7000000 0.8971963 0.8969539 0.8961115
599.8000000 0.8971873 0.8969366 0.8960571
599.9000000 0.8970264 0.8965377 0.8948834
600.0000000 0.8970195 0.8964942 0.8947253
600.1000000 0.8970576 0.8965680 0.8949225
600.2000000 0.8971791 0.8968678 0.8958152
600.3000000 0.8971896 0.8968809 0.8958337
600.4000000 0.8971382 0.8967342 0.8953649
600.5000000 0.8971897 0.8968498 0.8957051
600.6000000 0.8972547 0.8969896 0.8961004
600.7000000 0.8973440 0.8971726 0.8965933
600.8000000 0.8973790 0.8972379 0.8967559
600.9000000 0.8973886 0.8972474 0.8967612
601.0000000 0.8973543 0.8971471 0.8964544
601.1000000 0.8973686 0.8971768 0.8965327
601.2000000 0.8974514 0.8973904 0.8971558
601.3000000 0.8974419 0.8973299 0.8969153
601.4000000 0.8974170 0.8972253 0.8965383
601.5000000 0.8974853 0.8974086 0.8970865
601.6000000 0.8974486 0.8972806 0.8966646
601.7000000 0.8972943 0.8968040 0.8951565
601.8000000 0.8974348 0.8971430 0.8961560
601.9000000 0.8976015 0.8975531 0.8973695
602.0000000 0.8975930 0.8974733 0.8970544
602.1000000 0.8976317 0.8975236 0.8971398
602.2000000 0.8977130 0.8976912 0.8975868
602.3000000 0.8977479 0.8977132 0.8975772
602.4000000 0.8977715 0.8977091 0.8974893
602.5000000 0.8977791 0.8976858 0.8973549
602.6000000 0.8978244 0.8977536 0.8974966
602.7000000 0.8978974 0.8978887 0.8978424
602.8000000 0.8979088 0.8978424 0.8975890
602.9000000 0.8979273 0.8978188 0.8974150
603.0000000 0.8979781 0.8978954 0.8975841
603.1000000 0.8980366 0.8979756 0.8977552
603.2000000 0.8980997 0.8980581 0.8979273
603.3000000 0.8981362 0.8980693 0.8978275
603.4000000 0.8981816 0.8981126 0.8978517
603.5000000 0.8982479 0.8982305 0.8981646
603.6000000 0.8983007 0.8982925 0.8982486
603.7000000 0.8983465 0.8983261 0.8982164
603.8000000 0.8984026 0.8983750 0.8982574
603.9000000 0.8984576 0.8984322 0.8983353
604.0000000 0.8985104 0.8985046 0.8984801
604.1000000 0.8985652 0.8985545 0.8985113
604.2000000 0.8986212 0.8985961 0.8984987
604.3000000 0.8986843 0.8986662 0.8985917
604.4000000 0.8987439 0.8987234 0.8986372
604.5000000 0.8987983 0.8987605 0.8986079
604.6000000 0.8988521 0.8988203 0.8986921
604.7000000 0.8989052 0.8988875 0.8988144
604.8000000 0.8989534 0.8989439 0.8988976
604.9000000 0.8989955 0.8989919 0.8989658
605.0000000 0.8990289 0.8990283 0.8990133
605.1000000 0.8990886 0.8990886 0.8990555
605.2000000 0.8991577 0.8991577 0.8991026
605.3000000 0.8992363 0.8992363 0.8992061
605.4000000 0.8993150 0.8993150 0.8993012
605.5000000 0.8993935 0.8993935 0.8993858
605.6000000 0.8994616 0.8994534 0.8994182
605.7000000 0.8995236 0.8995078 0.8994425
605.8000000 0.8995639 0.8995584 0.8995070
605.9000000 0.8996199 0.8996199 0.8995883
606.0000000 0.8996937 0.8996937 0.8996886
606.1000000 0.8997712 0.8997706 0.8997644
606.2000000 0.8998496 0.8998484 0.8998369
606.3000000 0.8999280 0.8999276 0.8999237
606.4000000 0.9000043 0.9000046 0.9000008
606.5000000 0.9000784 0.9000794 0.9000676
606.6000000 0.9001437 0.9001430 0.9001281
606.7000000 0.9002049 0.9002026 0.9001875
606.8000000 0.9002545 0.9002538 0.9002488
606.9000000 0.9003296 0.9003299 0.9003310
607.0000000 0.9004298 0.9004309 0.9004341
607.1000000 0.9005160 0.9005171 0.9005145
607.2000000 0.9005988 0.9005999 0.9005923
607.3000000 0.9006784 0.9006795 0.9006776
607.4000000 0.9007591 0.9007602 0.9007595
607.5000000 0.9008409 0.9008420 0.9008379
607.6000000 0.9009165 0.9009176 0.9009121
607.7000000 0.9009919 0.9009930 0.9009868
607.8000000 0.9010710 0.9010722 0.9010664
607.9000000 0.9011481 0.9011493 0.9011458
608.0000000 0.9012233 0.9012244 0.9012250
608.1000000 0.9012939 0.9012951 0.9012977
608.2000000 0.9013626 0.9013636 0.9013672
608.3000000 0.9014262 0.9014265 0.9014276
608.4000000 0.9015119 0.9015123 0.9015086
608.5000000 0.9016183 0.9016194 0.9016085
608.6000000 0.9017039 0.9017050 0.9017012
608.7000000 0.9017836 0.9017847 0.9017888
608.8000000 0.9018538 0.9018549 0.9018590
608.9000000 0.9019251 0.9019262 0.9019280
609.0000000 0.9019974 0.9019985 0.9019961
609.1000000 0.9020845 0.9020856 0.9020861
609.2000000 0.9021738 0.9021748 0.9021785
609.3000000 0.9022615 0.9022618 0.9022630
609.4000000 0.9023440 0.9023440 0.9023440
609.5000000 0.9024215 0.9024215 0.9024215
609.6000000 0.9024988 0.9024988 0.9024988
609.7000000 0.9025761 0.9025761 0.9025761
609.8000000 0.9026535 0.9026535 0.9026535
609.9000000 0.9027309 0.9027309 0.9027309
610.0000000 0.9028084 0.9028084 0.9028084
610.1000000 0.9028991 0.9028991 0.9028991
610.2000000 0.9029939 0.9029940 0.9029944
610.3000000 0.9030950 0.9030959 0.9030988
610.4000000 0.9031906 0.9031919 0.9031960
610.5000000 0.9032804 0.9032816 0.9032857
610.6000000 0.9033551 0.9033563 0.9033605
610.7000000 0.9034269 0.9034281 0.9034316
610.8000000 0.9035008 0.9035020 0.9035014
610.9000000 0.9035817 0.9035828 0.9035803
611.0000000 0.9036704 0.9036714 0.9036696
611.1000000 0.9037503 0.9037508 0.9037499
611.2000000 0.9038278 0.9038278 0.9038278
611.3000000 0.9039050 0.9039050 0.9039050
611.4000000 0.9039820 0.9039820 0.9039820
611.5000000 0.9040589 0.9040589 0.9040589
611.6000000 0.9041358 0.9041358 0.9041358
611.7000000 0.9042123 0.9042124 0.9042127
611.8000000 0.9042856 0.9042865 0.9042894
611.9000000 0.9043619 0.9043628 0.9043662
612.0000000 0.9044422 0.9044424 0.9044431
612.1000000 0.9045199 0.9045199 0.9045199
612.2000000 0.9045967 0.9045967 0.9045967
612.3000000 0.9046734 0.9046734 0.9046734
612.4000000 0.9047502 0.9047502 0.9047502
612.5000000 0.9048269 0.9048269 0.9048269
612.6000000 0.9049011 0.9049016 0.9049035
612.7000000 0.9049741 0.9049754 0.9049800
612.8000000 0.9050446 0.9050459 0.9050506
612.9000000 0.9051150 0.9051164 0.9051210
613.0000000 0.9051853 0.9051866 0.9051913
613.1000000 0.9052532 0.9052546 0.9052593
613.2000000 0.9053201 0.9053214 0.9053262
613.3000000 0.9053716 0.9053722 0.9053741
613.4000000 0.9054292 0.9054292 0.9054292
613.5000000 0.9055006 0.9055006 0.9055006
613.6000000 0.9055751 0.9055751 0.9055751
613.7000000 0.9056516 0.9056516 0.9056516
613.8000000 0.9057279 0.9057279 0.9057279
613.9000000 0.9058042 0.9058042 0.9058042
614.0000000 0.9058804 0.9058804 0.9058804
614.1000000 0.9059512 0.9059517 0.9059534
614.2000000 0.9060182 0.9060195 0.9060243
614.3000000 0.9060596 0.9060603 0.9060626
614.4000000 0.9061047 0.9061047 0.9061047
614.5000000 0.9061721 0.9061721 0.9061721
614.6000000 0.9062442 0.9062442 0.9062442
614.7000000 0.9063202 0.9063202 0.9063202
614.8000000 0.9063960 0.9063963 0.9063963
614.9000000 0.9064696 0.9064702 0.9064705
615.0000000 0.9065328 0.9065340 0.9065358
615.1000000 0.9065980 0.9065995 0.9066029
615.2000000 0.9066653 0.9066668 0.9066718
615.3000000 0.9067226 0.9067234 0.9067262
615.4000000 0.9067783 0.9067783 0.9067783
615.5000000 0.9068417 0.9068417 0.9068417
615.6000000 0.9069099 0.9069103 0.9069104
615.7000000 0.9069844 0.9069857 0.9069863
615.8000000 0.9070487 0.9070503 0.9070522
615.9000000 0.9071081 0.9071096 0.9071131
616.0000000 0.9071447 0.9071453 0.9071466
616.1000000 0.9071956 0.9071956 0.9071956
616.2000000 0.9072714 0.9072714 0.9072714
616.3000000 0.9073349 0.9073356 0.9073379
616.4000000 0.9073927 0.9073943 0.9074000
616.5000000 0.9074511 0.9074528 0.9074586
616.6000000 0.9075086 0.9075100 0.9075148
616.7000000 0.9075639 0.9075643 0.9075657
616.8000000 0.9076257 0.9076257 0.9076257
616.9000000 0.9076916 0.9076916 0.9076916
617.0000000 0.9077245 0.9077245 0.9077245
617.1000000 0.9077631 0.9077633 0.9077641
617.2000000 0.9078304 0.9078317 0.9078362
617.3000000 0.9078872 0.9078885 0.9078926
617.4000000 0.9079351 0.9079352 0.9079358
617.5000000 0.9079893 0.9079893 0.9079893
617.6000000 0.9080453 0.9080453 0.9080453
617.7000000 0.9081050 0.9081050 0.9081050
617.8000000 0.9081535 0.9081535 0.9081535
617.9000000 0.9081892 0.9081892 0.9081892
618.0000000 0.9082466 0.9082475 0.9082505
618.1000000 0.9083091 0.9083109 0.9083172
618.2000000 0.9083538 0.9083548 0.9083571
618.3000000 0.9083928 0.9083932 0.9083932
618.4000000 0.9084228 0.9084229 0.9084229
618.5000000 0.9084675 0.9084675 0.9084675
618.6000000 0.9085189 0.9085189 0.9085189
618.7000000 0.9085690 0.9085702 0.9085743
618.8000000 0.9086169 0.9086186 0.9086243
618.9000000 0.9086595 0.9086600 0.9086616
619.0000000 0.9086942 0.9086942 0.9086942
619.1000000 0.9087238 0.9087238 0.9087238
619.2000000 0.9087820 0.9087832 0.9087871
619.3000000 0.9088369 0.9088391 0.9088460
619.4000000 0.9088690 0.9088712 0.9088759
619.5000000 0.9089031 0.9089053 0.9089102
619.6000000 0.9089391 0.9089413 0.9089485
619.7000000 0.9089708 0.9089731 0.9089772
619.8000000 0.9090014 0.9090037 0.9090047
619.9000000 0.9090307 0.9090330 0.9090384
620.0000000 0.9090656 0.9090673 0.9090733
620.1000000 0.9091081 0.9091085 0.9091098
620.2000000 0.9091411 0.9091411 0.9091411
620.3000000 0.9091704 0.9091704 0.9091704
620.4000000 0.9091997 0.9091997 0.9091997
620.5000000 0.9092290 0.9092290 0.9092290
620.6000000 0.9092582 0.9092582 0.9092582
620.7000000 0.9092847 0.9092857 0.9092874
620.8000000 0.9093096 0.9093121 0.9093166
620.9000000 0.9093425 0.9093436 0.9093458
621.0000000 0.9093750 0.9093750 0.9093750
621.1000000 0.9094041 0.9094041 0.9094041
621.2000000 0.9094332 0.9094332 0.9094332
621.3000000 0.9094623 0.9094623 0.9094623
621.4000000 0.9094914 0.9094914 0.9094914
621.5000000 0.9095205 0.9095205 0.9095205
621.6000000 0.9095495 0.9095495 0.9095495
621.7000000 0.9095774 0.9095781 0.9095785
621.8000000 0.9096038 0.9096061 0.9096075
621.9000000 0.9096245 0.9096273 0.9096313
622.0000000 0.9096428 0.9096457 0.9096529
622.1000000 0.9096489 0.9096501 0.9096530
622.2000000 0.9096561 0.9096561 0.9096561
622.3000000 0.9096661 0.9096661 0.9096661
622.4000000 0.9096873 0.9096873 0.9096873
622.5000000 0.9097162 0.9097162 0.9097162
622.6000000 0.9097437 0.9097448 0.9097450
622.7000000 0.9097701 0.9097723 0.9097738
622.8000000 0.9097922 0.9097951 0.9098024
622.9000000 0.9098012 0.9098035 0.9098109
623.0000000 0.9097959 0.9097963 0.9097977
623.1000000 0.9098070 0.9098070 0.9098070
623.2000000 0.9098238 0.9098238 0.9098238
623.3000000 0.9098525 0.9098525 0.9098525
623.4000000 0.9098812 0.9098812 0.9098812
623.5000000 0.9099098 0.9099098 0.9099098
623.6000000 0.9099373 0.9099376 0.9099285
623.7000000 0.9099642 0.9099650 0.9099418
623.8000000 0.9099873 0.9099895 0.9099812
623.9000000 0.9100043 0.9100072 0.9100092
624.0000000 0.9100018 0.9100028 0.9099945
624.1000000 0.9100070 0.9100070 0.9099968
624.2000000 0.9100190 0.9100190 0.9100145
624.3000000 0.9100408 0.9100425 0.9100419
624.4000000 0.9100630 0.9100666 0.9100697
624.5000000 0.9100698 0.9100735 0.9100820
624.6000000 0.9100742 0.9100770 0.9100792
624.7000000 0.9100747 0.9100753 0.9100532
624.8000000 0.9100936 0.9100864 0.9100338
624.9000000 0.9101211 0.9101033 0.9100176
625.0000000 0.9101444 0.9101285 0.9100563
625.1000000 0.9101690 0.9101552 0.9100956
625.2000000 0.9101978 0.9101855 0.9101314
625.3000000 0.9102253 0.9102123 0.9101556
625.4000000 0.9102515 0.9102363 0.9101700
625.5000000 0.9102727 0.9102555 0.9101845
625.6000000 0.9102897 0.9102716 0.9101963
625.7000000 0.9102823 0.9102715 0.9101884
625.8000000 0.9102875 0.9102825 0.9101981
625.9000000 0.9103111 0.9103099 0.9102336
626.0000000 0.9103352 0.9103134 0.9101955
626.1000000 0.9103594 0.9103061 0.9101241
626.2000000 0.9103369 0.9102126 0.9097841
626.3000000 0.9103365 0.9101775 0.9096259
626.4000000 0.9104035 0.9103172 0.9100121
626.5000000 0.9104354 0.9103635 0.9100932
626.6000000 0.9104376 0.9103310 0.9099164
626.7000000 0.9104684 0.9103837 0.9100631
626.8000000 0.9104898 0.9104130 0.9101466
626.9000000 0.9103846 0.9101014 0.9091450
627.0000000 0.9103669 0.9100169 0.9088370
627.1000000 0.9104856 0.9102863 0.9096102
627.2000000 0.9105512 0.9104118 0.9099445
627.3000000 0.9105910 0.9104673 0.9100655
627.4000000 0.9105399 0.9102639 0.9093452
627.5000000 0.9105100 0.9101272 0.9088457
627.6000000 0.9105632 0.9102469 0.9091925
627.7000000 0.9066228 0.9063889 0.9056091
627.8000000 0.8989399 0.8988034 0.8983428
627.9000000 0.8790650 0.8784329 0.8764116
628.0000000 0.8587551 0.8575846 0.8538499
628.1000000 0.8709856 0.8705954 0.8691285
628.2000000 0.8817401 0.8817242 0.8814081
628.3000000 0.8898171 0.8894391 0.8882478
628.4000000 0.8949881 0.8945453 0.8931904
628.5000000 0.8984826 0.8981464 0.8970385
628.6000000 0.9037267 0.9031727 0.9013251
628.7000000 0.9084293 0.9077412 0.9054440
628.8000000 0.9101119 0.9097789 0.9086703
628.9000000 0.9090353 0.9088301 0.9081393
629.0000000 0.9048170 0.9044810 0.9033301
629.1000000 0.9019461 0.9016604 0.9006142
629.2000000 0.8996230 0.8994434 0.8986765
629.3000000 0.9012989 0.9009321 0.8995444
629.4000000 0.9023103 0.9018964 0.9003506
629.5000000 0.9017479 0.9016183 0.9010111
629.6000000 0.8981131 0.8979841 0.8975430
629.7000000 0.8921818 0.8918414 0.8909890
629.8000000 0.9011726 0.9007236 0.8994192
629.9000000 0.9100868 0.9095783 0.9079658
630.0000000 0.8990523 0.8987035 0.8978736
630.1000000 0.8968828 0.8966886 0.8964110
630.2000000 0.9082445 0.9081969 0.9081203
630.3000000 0.9054759 0.9054774 0.9054793
630.4000000 0.8957285 0.8957311 0.8957509
630.5000000 0.9044852 0.9044740 0.9044307
630.6000000 0.9107062 0.9106754 0.9105492
630.7000000 0.9035566 0.9034884 0.9032250
630.8000000 0.9031139 0.9030504 0.9028052
630.9000000 0.9097285 0.9097141 0.9096504
631.0000000 0.9097304 0.9096445 0.9094332
631.1000000 0.9076930 0.9075034 0.9070560
631.2000000 0.9076165 0.9075197 0.9073451
631.3000000 0.9084713 0.9084115 0.9083173
631.4000000 0.9114900 0.9113373 0.9108767
631.5000000 0.9106276 0.9104834 0.9099720
631.6000000 0.9068508 0.9067914 0.9064662
631.7000000 0.9094531 0.9091991 0.9082832
631.8000000 0.9128487 0.9123713 0.9107906
631.9000000 0.9129075 0.9124001 0.9107423
632.0000000 0.9120625 0.9115286 0.9097804
632.1000000 0.9097370 0.9091822 0.9073217
632.2000000 0.9106385 0.9102114 0.9087783
632.3000000 0.9132973 0.9130788 0.9123671
632.4000000 0.9128717 0.9124555 0.9111036
632.5000000 0.9123282 0.9117721 0.9099602
632.6000000 0.9125337 0.9122644 0.9113623
632.7000000 0.9130086 0.9128912 0.9124729
632.8000000 0.9138133 0.9136824 0.9132268
632.9000000 0.9138707 0.9137535 0.9133597
633.0000000 0.9136318 0.9135391 0.9132464
633.1000000 0.9137011 0.9135869 0.9131959
633.2000000 0.9138579 0.9137000 0.9131483
633.3000000 0.9142635 0.9139970 0.9131063
633.4000000 0.9145070 0.9142294 0.9133250
633.5000000 0.9145966 0.9144004 0.9137916
633.6000000 0.9145680 0.9144457 0.9140584
633.7000000 0.9145232 0.9144673 0.9142641
633.8000000 0.9148902 0.9147758 0.9143831
633.9000000 0.9151922 0.9150548 0.9145871
634.0000000 0.9153460 0.9152663 0.9149850
634.1000000 0.9153696 0.9152983 0.9150548
634.2000000 0.9152940 0.9151937 0.9148751
634.3000000 0.9153980 0.9151074 0.9141683
634.4000000 0.9155515 0.9150828 0.9135582
634.5000000 0.9158297 0.9156253 0.9149412
634.6000000 0.9160334 0.9159911 0.9158224
634.7000000 0.9161016 0.9160351 0.9157902
634.8000000 0.9160957 0.9158700 0.9151125
634.9000000 0.9160435 0.9155744 0.9140321
635.0000000 0.9163284 0.9160766 0.9152474
635.1000000 0.9166091 0.9165671 0.9164235
635.2000000 0.9165645 0.9162752 0.9153134
635.3000000 0.9166326 0.9162846 0.9151258
635.4000000 0.9168720 0.9167523 0.9163415
635.5000000 0.9170497 0.9170177 0.9168956
635.6000000 0.9171950 0.9171770 0.9171027
635.7000000 0.9172773 0.9171999 0.9169387
635.8000000 0.9173585 0.9172221 0.9167739
635.9000000 0.9174621 0.9173016 0.9167698
636.0000000 0.9175599 0.9173798 0.9167755
636.1000000 0.9176500 0.9174566 0.9167939
636.2000000 0.9177264 0.9174828 0.9166569
636.3000000 0.9177965 0.9174862 0.9164496
636.4000000 0.9179872 0.9178435 0.9173004
636.5000000 0.9181682 0.9181666 0.9180400
636.6000000 0.9182832 0.9182741 0.9180979
636.7000000 0.9183982 0.9183885 0.9182316
636.8000000 0.9185132 0.9185111 0.9184551
636.9000000 0.9185914 0.9184937 0.9181557
637.0000000 0.9186546 0.9184200 0.9176462
637.1000000 0.9188120 0.9186735 0.9182041
637.2000000 0.9189333 0.9188307 0.9184702
637.3000000 0.9189181 0.9186148 0.9175976
637.4000000 0.9190165 0.9186933 0.9176073
637.5000000 0.9192394 0.9190945 0.9185844
637.6000000 0.9193827 0.9192977 0.9189893
637.7000000 0.9194966 0.9194279 0.9191833
637.8000000 0.9196222 0.9195823 0.9194344
637.9000000 0.9197387 0.9197105 0.9195998
638.0000000 0.9198254 0.9197526 0.9194852
638.1000000 0.9199215 0.9198430 0.9195276
638.2000000 0.9200275 0.9199842 0.9197342
638.3000000 0.9201104 0.9200317 0.9196864
638.4000000 0.9201853 0.9200463 0.9195493
638.5000000 0.9202864 0.9201705 0.9197609
638.6000000 0.9203906 0.9202989 0.9199727
638.7000000 0.9205037 0.9204373 0.9201755
638.8000000 0.9206173 0.9205643 0.9203428
638.9000000 0.9207317 0.9206798 0.9204734
639.0000000 0.9208181 0.9207283 0.9203946
639.1000000 0.9208948 0.9207535 0.9202430
639.2000000 0.9210096 0.9208887 0.9204401
639.3000000 0.9211211 0.9210161 0.9206199
639.4000000 0.9212211 0.9211159 0.9207352
639.5000000 0.9213264 0.9212361 0.9209177
639.6000000 0.9214373 0.9213776 0.9211705
639.7000000 0.9215388 0.9214779 0.9212639
639.8000000 0.9216370 0.9215635 0.9213002
639.9000000 0.9217101 0.9216103 0.9212278
640.0000000 0.9217889 0.9216686 0.9212002
640.1000000 0.9218882 0.9217676 0.9213276
640.2000000 0.9219923 0.9218878 0.9215081
640.3000000 0.9221018 0.9220314 0.9217468
640.4000000 0.9221927 0.9221206 0.9218365
640.5000000 0.9222766 0.9221890 0.9218690
640.6000000 0.9223740 0.9222983 0.9220011
640.7000000 0.9224703 0.9224083 0.9221472
640.8000000 0.9225603 0.9225164 0.9223335
640.9000000 0.9226137 0.9225197 0.9221751
641.0000000 0.9226237 0.9223990 0.9216085
641.1000000 0.9227268 0.9225334 0.9218424
641.2000000 0.9228693 0.9227762 0.9224167
641.3000000 0.9229766 0.9229188 0.9226819
641.4000000 0.9230725 0.9230332 0.9228618
641.5000000 0.9231277 0.9230505 0.9227510
641.6000000 0.9231994 0.9231065 0.9227562
641.7000000 0.9232928 0.9232135 0.9229148
641.8000000 0.9233678 0.9232686 0.9229031
641.9000000 0.9234338 0.9232985 0.9228086
642.0000000 0.9235120 0.9233744 0.9228991
642.1000000 0.9235957 0.9234676 0.9230420
642.2000000 0.9237026 0.9236315 0.9233755
642.3000000 0.9237958 0.9237542 0.9235850
642.4000000 0.9238680 0.9238139 0.9236055
642.5000000 0.9239170 0.9238124 0.9234522
642.6000000 0.9239529 0.9237759 0.9231997
642.7000000 0.9240449 0.9238792 0.9233212
642.8000000 0.9241437 0.9240069 0.9235209
642.9000000 0.9242338 0.9241706 0.9239139
643.0000000 0.9243075 0.9242621 0.9240582
643.1000000 0.9243513 0.9242220 0.9237483
643.2000000 0.9244390 0.9243162 0.9238693
643.3000000 0.9245570 0.9245029 0.9242872
643.4000000 0.9245537 0.9243706 0.9237472
643.5000000 0.9245355 0.9241991 0.9230883
643.6000000 0.9246572 0.9243917 0.9235059
643.7000000 0.9247828 0.9246000 0.9239791
643.8000000 0.9249174 0.9248440 0.9245794
643.9000000 0.9250055 0.9249652 0.9248044
644.0000000 0.9250539 0.9249818 0.9247098
644.1000000 0.9250794 0.9249291 0.9243933
644.2000000 0.9250992 0.9248591 0.9240216
644.3000000 0.9251974 0.9250306 0.9244368
644.4000000 0.9252691 0.9251255 0.9246120
644.5000000 0.9252599 0.9249853 0.9240516
644.6000000 0.9253122 0.9250061 0.9239725
644.7000000 0.9254311 0.9252008 0.9244141
644.8000000 0.9254501 0.9251591 0.9241626
644.9000000 0.9254292 0.9250227 0.9236340
645.0000000 0.9255692 0.9252822 0.9242865
645.1000000 0.9257047 0.9255274 0.9248909
645.2000000 0.9257803 0.9256084 0.9249803
645.3000000 0.9258495 0.9256773 0.9250408
645.4000000 0.9259099 0.9257292 0.9250600
645.5000000 0.9258511 0.9254659 0.9241456
645.6000000 0.9257267 0.9250290 0.9227170
645.7000000 0.9259441 0.9254976 0.9240035
645.8000000 0.9261729 0.9259978 0.9253863
645.9000000 0.9260944 0.9256970 0.9243817
646.0000000 0.9259217 0.9251629 0.9226800
646.1000000 0.9255646 0.9241714 0.9196112
646.2000000 0.9256349 0.9242585 0.9197483
646.3000000 0.9260307 0.9251668 0.9223266
646.4000000 0.9261339 0.9253341 0.9227194
646.5000000 0.9261615 0.9253099 0.9225462
646.6000000 0.9261442 0.9251729 0.9219990
646.7000000 0.9260951 0.9249586 0.9212205
646.8000000 0.9259532 0.9245178 0.9197651
646.9000000 0.9259592 0.9244323 0.9193954
647.0000000 0.9261238 0.9247274 0.9201886
647.1000000 0.9260551 0.9244718 0.9193193
647.2000000 0.9258913 0.9239918 0.9177720
647.3000000 0.9260641 0.9243566 0.9188039
647.4000000 0.9262254 0.9246909 0.9197407
647.5000000 0.9262136 0.9245824 0.9193168
647.6000000 0.9255106 0.9227891 0.9141667
647.7000000 0.9237275 0.9183621 0.9016288
647.8000000 0.9242281 0.9194861 0.9046241
647.9000000 0.9261536 0.9240741 0.9173123
648.0000000 0.9263088 0.9243890 0.9181006
648.1000000 0.9261409 0.9239213 0.9167144
648.2000000 0.9261405 0.9238244 0.9164271
648.3000000 0.9261284 0.9237201 0.9161192
648.4000000 0.9260878 0.9235979 0.9157610
648.5000000 0.9260055 0.9233029 0.9147167
648.6000000 0.9258837 0.9228441 0.9130221
648.7000000 0.9261342 0.9234027 0.9145343
648.8000000 0.9265178 0.9243250 0.9171935
648.9000000 0.9270171 0.9254784 0.9204345
649.0000000 0.9274302 0.9264210 0.9230675
649.1000000 0.9274322 0.9263685 0.9228466
649.2000000 0.9271928 0.9257031 0.9208964
649.3000000 0.9265962 0.9241306 0.9163865
649.4000000 0.9264014 0.9235563 0.9146534
649.5000000 0.9264484 0.9235824 0.9145904
649.6000000 0.9263697 0.9233154 0.9137946
649.7000000 0.9263286 0.9231443 0.9132764
649.8000000 0.9271538 0.9251099 0.9186391
649.9000000 0.9278793 0.9268312 0.9233737
650.0000000 0.9283550 0.9279398 0.9265342
650.1000000 0.9286085 0.9284874 0.9280449
650.2000000 0.9286437 0.9284838 0.9279352
650.3000000 0.9285849 0.9282205 0.9270233
650.4000000 0.9284902 0.9278577 0.9258044
650.5000000 0.9283674 0.9275208 0.9247382
650.6000000 0.9283232 0.9273815 0.9242632
650.7000000 0.9287025 0.9282758 0.9268549
650.8000000 0.9289090 0.9287250 0.9281069
650.9000000 0.9288296 0.9284375 0.9271424
651.0000000 0.9286793 0.9279840 0.9257199
651.1000000 0.9284807 0.9274169 0.9239837
651.2000000 0.9285769 0.9276015 0.9244112
651.3000000 0.9287374 0.9279489 0.9253070
651.4000000 0.9287100 0.9277850 0.9247184
651.5000000 0.9284722 0.9271074 0.9226936
651.6000000 0.9275722 0.9248135 0.9161508
651.7000000 0.9264936 0.9220659 0.9082379
651.8000000 0.9252021 0.9187771 0.8986910
651.9000000 0.9262188 0.9211887 0.9053677
652.0000000 0.9283697 0.9264016 0.9200170
652.1000000 0.9285788 0.9268393 0.9212201
652.2000000 0.9285921 0.9267990 0.9210813
652.3000000 0.9291417 0.9281064 0.9247735
652.4000000 0.9293026 0.9284491 0.9256622
652.5000000 0.9286015 0.9266525 0.9203330
652.6000000 0.9287402 0.9269241 0.9210376
652.7000000 0.9296441 0.9290807 0.9272405
652.8000000 0.9299279 0.9297036 0.9289603
652.9000000 0.9299883 0.9297740 0.9290649
653.0000000 0.9300800 0.9299410 0.9294697
653.1000000 0.9301409 0.9300300 0.9296421
653.2000000 0.9300271 0.9296734 0.9284813
653.3000000 0.9297550 0.9289310 0.9262228
653.4000000 0.9292109 0.9275263 0.9220798
653.5000000 0.9291073 0.9271743 0.9209244
653.6000000 0.9293252 0.9275907 0.9219496
653.7000000 0.9296649 0.9283650 0.9241293
653.8000000 0.9300374 0.9292360 0.9266204
653.9000000 0.9303316 0.9298887 0.9284295
654.0000000 0.9305663 0.9303929 0.9298070
654.1000000 0.9305717 0.9303242 0.9295208
654.2000000 0.9304819 0.9300232 0.9285402
654.3000000 0.9302570 0.9293920 0.9265729
654.4000000 0.9296793 0.9279101 0.9223373
654.5000000 0.9288860 0.9259084 0.9167154
654.6000000 0.9296201 0.9276274 0.9214086
654.7000000 0.9306303 0.9300191 0.9279639
654.8000000 0.9304585 0.9295428 0.9264946
654.9000000 0.9302265 0.9289078 0.9245761
655.0000000 0.9298043 0.9277712 0.9212374
655.1000000 0.9299911 0.9281457 0.9222466
655.2000000 0.9309345 0.9303976 0.9286584
655.3000000 0.9305977 0.9294821 0.9259350
655.4000000 0.9295746 0.9268686 0.9183144
655.5000000 0.9300416 0.9279311 0.9211979
655.6000000 0.9307397 0.9295649 0.9257211
655.7000000 0.9311182 0.9304249 0.9281466
655.8000000 0.9312417 0.9306575 0.9287357
655.9000000 0.9306519 0.9291344 0.9241866
656.0000000 0.9306768 0.9291336 0.9241051
656.1000000 0.9314050 0.9308743 0.9291347
656.2000000 0.9314516 0.9309166 0.9291369
656.3000000 0.9311611 0.9301188 0.9266522
656.4000000 0.9311948 0.9301458 0.9266635
656.5000000 0.9312503 0.9302297 0.9268557
656.6000000 0.9309726 0.9294832 0.9246506
656.7000000 0.9309547 0.9293741 0.9242849
656.8000000 0.9316249 0.9309545 0.9287947
656.9000000 0.9318697 0.9314747 0.9301734
657.0000000 0.9316437 0.9308212 0.9280855
657.1000000 0.9317281 0.9309540 0.9283783
657.2000000 0.9319621 0.9314659 0.9298186
657.3000000 0.9315812 0.9304787 0.9268944
657.4000000 0.9311708 0.9294182 0.9237566
657.5000000 0.9315019 0.9301460 0.9258237
657.6000000 0.9316807 0.9305047 0.9267935
657.7000000 0.9314527 0.9298767 0.9248304
657.8000000 0.9316593 0.9303295 0.9260402
657.9000000 0.9323551 0.9319989 0.9308216
658.0000000 0.9325909 0.9325045 0.9321950
658.1000000 0.9325983 0.9324321 0.9318757
658.2000000 0.9324463 0.9319928 0.9304739
658.3000000 0.9322850 0.9315328 0.9290123
658.4000000 0.9323564 0.9316214 0.9291925
658.5000000 0.9324712 0.9318251 0.9297151
658.6000000 0.9327107 0.9323593 0.9312210
658.7000000 0.9326565 0.9321453 0.9304888
658.8000000 0.9322491 0.9310314 0.9270646
658.9000000 0.9324108 0.9313722 0.9279718
659.0000000 0.9328802 0.9324992 0.9312197
659.1000000 0.9330556 0.9328971 0.9323304
659.2000000 0.9331731 0.9331498 0.9330136
659.3000000 0.9332030 0.9331412 0.9328842
659.4000000 0.9331982 0.9330459 0.9325009
659.5000000 0.9330788 0.9326631 0.9312763
659.6000000 0.9331006 0.9326483 0.9311477
659.7000000 0.9333135 0.9331311 0.9325014
659.8000000 0.9334122 0.9333062 0.9329302
659.9000000 0.9334404 0.9332910 0.9327869
660.0000000 0.9333308 0.9329525 0.9316821
660.1000000 0.9331897 0.9325399 0.9303573
660.2000000 0.9334506 0.9331119 0.9319360
660.3000000 0.9336476 0.9335190 0.9330242
660.4000000 0.9335782 0.9332369 0.9320630
660.5000000 0.9336014 0.9332061 0.9318635
660.6000000 0.9337736 0.9335786 0.9328866
660.7000000 0.9338587 0.9337278 0.9332592
660.8000000 0.9338793 0.9337113 0.9331493
660.9000000 0.9339600 0.9338554 0.9334967
661.0000000 0.9340592 0.9340493 0.9339855
661.1000000 0.9340826 0.9340279 0.9338011
661.2000000 0.9340940 0.9339754 0.9335289
661.3000000 0.9340554 0.9337988 0.9329252
661.4000000 0.9340808 0.9337930 0.9328347
661.5000000 0.9342361 0.9341337 0.9337849
661.6000000 0.9343301 0.9342980 0.9341891
661.7000000 0.9343671 0.9342980 0.9340854
661.8000000 0.9344133 0.9343442 0.9341245
661.9000000 0.9344634 0.9344098 0.9342233
662.0000000 0.9345057 0.9344513 0.9342664
662.1000000 0.9345469 0.9344901 0.9343025
662.2000000 0.9345880 0.9345314 0.9343349
662.3000000 0.9346282 0.9345670 0.9343475
662.4000000 0.9346659 0.9345868 0.9343052
662.5000000 0.9347118 0.9346448 0.9344018
662.6000000 0.9347677 0.9347498 0.9346685
662.7000000 0.9348062 0.9347645 0.9346093
662.8000000 0.9348346 0.9347272 0.9343624
662.9000000 0.9348679 0.9347191 0.9342159
663.0000000 0.9349024 0.9347179 0.9340931
663.1000000 0.9349903 0.9348996 0.9345882
663.2000000 0.9350681 0.9350478 0.9349724
663.3000000 0.9351012 0.9350495 0.9348702
663.4000000 0.9351359 0.9350590 0.9347947
663.5000000 0.9351735 0.9350816 0.9347649
663.6000000 0.9352260 0.9351459 0.9348646
663.7000000 0.9352907 0.9352440 0.9350698
663.8000000 0.9353451 0.9353183 0.9352063
663.9000000 0.9353957 0.9353839 0.9353178
664.0000000 0.9354357 0.9354111 0.9353111
664.1000000 0.9354746 0.9354364 0.9352978
664.2000000 0.9355134 0.9354789 0.9353268
664.3000000 0.9355438 0.9354857 0.9352396
664.4000000 0.9355519 0.9353987 0.9348465
664.5000000 0.9355953 0.9354221 0.9348146
664.6000000 0.9356811 0.9355780 0.9352155
664.7000000 0.9357525 0.9356913 0.9354755
664.8000000 0.9358156 0.9357800 0.9356544
664.9000000 0.9358500 0.9357903 0.9355914
665.0000000 0.9358780 0.9357825 0.9354728
665.1000000 0.9359496 0.9358934 0.9356990
665.2000000 0.9360169 0.9359924 0.9358904
665.3000000 0.9360610 0.9360277 0.9358972
665.4000000 0.9361063 0.9360689 0.9359229
665.5000000 0.9361539 0.9361209 0.9359841
665.6000000 0.9362024 0.9361675 0.9360299
665.7000000 0.9362519 0.9362094 0.9360615
665.8000000 0.9363036 0.9362746 0.9361670
665.9000000 0.9363562 0.9363499 0.9363041
666.0000000 0.9363976 0.9363924 0.9363291
666.1000000 0.9364373 0.9364283 0.9363321
666.2000000 0.9364747 0.9364254 0.9362219
666.3000000 0.9365173 0.9364416 0.9361691
666.4000000 0.9365778 0.9365232 0.9363135
666.5000000 0.9366340 0.9365895 0.9364144
666.6000000 0.9366838 0.9366329 0.9364504
666.7000000 0.9367353 0.9366896 0.9365277
666.8000000 0.9367880 0.9367562 0.9366358
666.9000000 0.9368435 0.9368268 0.9367603
667.0000000 0.9368999 0.9368987 0.9368902
667.1000000 0.9369478 0.9369462 0.9369388
667.2000000 0.9369937 0.9369875 0.9369665
667.3000000 0.9370279 0.9369889 0.9368585
667.4000000 0.9370700 0.9370137 0.9368258
667.5000000 0.9371337 0.9371034 0.9370024
667.6000000 0.9371848 0.9371729 0.9371242
667.7000000 0.9372194 0.9372160 0.9371751
667.8000000 0.9372639 0.9372639 0.9372335
667.9000000 0.9373150 0.9373150 0.9372966
668.0000000 0.9373736 0.9373736 0.9373627
668.1000000 0.9374343 0.9374345 0.9374298
668.2000000 0.9374841 0.9374842 0.9374732
668.3000000 0.9375310 0.9375281 0.9374996
668.4000000 0.9375615 0.9375321 0.9374058
668.5000000 0.9376011 0.9375597 0.9373923
668.6000000 0.9376635 0.9376470 0.9375810
668.7000000 0.9377196 0.9377174 0.9377082
668.8000000 0.9377679 0.9377674 0.9377615
668.9000000 0.9378148 0.9378095 0.9377847
669.0000000 0.9378608 0.9378468 0.9377898
669.1000000 0.9379078 0.9378988 0.9378538
669.2000000 0.9379551 0.9379547 0.9379336
669.3000000 0.9380039 0.9380004 0.9379756
669.4000000 0.9380503 0.9380441 0.9380169
669.5000000 0.9380793 0.9380767 0.9380654
669.6000000 0.9381178 0.9381174 0.9381150
669.7000000 0.9381798 0.9381779 0.9381673
669.8000000 0.9382359 0.9382339 0.9382228
669.9000000 0.9382847 0.9382843 0.9382819
670.0000000 0.9383317 0.9383293 0.9383189
670.1000000 0.9383777 0.9383710 0.9383422
670.2000000 0.9384228 0.9384184 0.9383914
670.3000000 0.9384677 0.9384675 0.9384479
670.4000000 0.9385151 0.9385152 0.9385025
670.5000000 0.9385610 0.9385613 0.9385550
670.6000000 0.9385943 0.9385944 0.9385918
670.7000000 0.9386344 0.9386338 0.9386309
670.8000000 0.9386925 0.9386900 0.9386761
670.9000000 0.9387409 0.9387382 0.9387228
671.0000000 0.9387767 0.9387759 0.9387715
671.1000000 0.9388150 0.9388150 0.9388150
671.2000000 0.9388549 0.9388549 0.9388549
671.3000000 0.9389128 0.9389128 0.9389115
671.4000000 0.9389764 0.9389764 0.9389735
671.5000000 0.9390255 0.9390257 0.9390240
671.6000000 0.9390725 0.9390727 0.9390724
671.7000000 0.9391085 0.9391087 0.9391085
671.8000000 0.9391491 0.9391491 0.9391491
671.9000000 0.9392038 0.9392038 0.9392038
672.0000000 0.9392522 0.9392522 0.9392522
672.1000000 0.9392910 0.9392910 0.9392910
672.2000000 0.9393285 0.9393285 0.9393285
672.3000000 0.9393647 0.9393647 0.9393647
672.4000000 0.9394201 0.9394181 0.9394131
672.5000000 0.9394831 0.9394783 0.9394663
672.6000000 0.9395321 0.9395295 0.9395230
672.7000000 0.9395789 0.9395791 0.9395798
672.8000000 0.9396194 0.9396195 0.9396198
672.9000000 0.9396616 0.9396616 0.9396614
673.0000000 0.9397109 0.9397111 0.9397100
673.1000000 0.9397582 0.9397584 0.9397572
673.2000000 0.9398014 0.9398016 0.9398018
673.3000000 0.9398397 0.9398398 0.9398405
673.4000000 0.9398729 0.9398730 0.9398731
673.5000000 0.9399195 0.9399196 0.9399199
673.6000000 0.9399731 0.9399733 0.9399741
673.7000000 0.9400057 0.9400058 0.9400063
673.8000000 0.9400332 0.9400333 0.9400333
673.9000000 0.9400887 0.9400887 0.9400887
674.0000000 0.9401428 0.9401428 0.9401428
674.1000000 0.9401792 0.9401792 0.9401792
674.2000000 0.9402161 0.9402161 0.9402161
674.3000000 0.9402544 0.9402544 0.9402544
674.4000000 0.9402977 0.9402978 0.9402962
674.5000000 0.9403481 0.9403483 0.9403428
674.6000000 0.9403838 0.9403839 0.9403791
674.7000000 0.9404086 0.9404086 0.9404076
674.8000000 0.9404565 0.9404566 0.9404569
674.9000000 0.9405131 0.9405133 0.9405141
675.0000000 0.9405516 0.9405517 0.9405522
675.1000000 0.9405878 0.9405878 0.9405878
675.2000000 0.9406315 0.9406315 0.9406315
675.3000000 0.9406760 0.9406761 0.9406755
675.4000000 0.9407245 0.9407246 0.9407206
675.5000000 0.9407655 0.9407657 0.9407605
675.6000000 0.9407913 0.9407913 0.9407895
675.7000000 0.9408312 0.9408312 0.9408314
675.8000000 0.9408866 0.9408868 0.9408875
675.9000000 0.9409274 0.9409276 0.9409281
676.0000000 0.9409594 0.9409594 0.9409595
676.1000000 0.9410046 0.9410046 0.9410011
676.2000000 0.9410538 0.9410538 0.9410458
676.3000000 0.9410973 0.9410973 0.9410931
676.4000000 0.9411395 0.9411395 0.9411395
676.5000000 0.9411705 0.9411705 0.9411705
676.6000000 0.9412071 0.9412071 0.9412057
676.7000000 0.9412644 0.9412646 0.9412566
676.8000000 0.9413098 0.9413100 0.9413002
676.9000000 0.9413339 0.9413339 0.9413307
677.0000000 0.9413735 0.9413735 0.9413704
677.1000000 0.9414283 0.9414283 0.9414190
677.2000000 0.9414716 0.9414716 0.9414641
677.3000000 0.9415087 0.9415087 0.9415073
677.4000000 0.9415452 0.9415452 0.9415433
677.5000000 0.9415816 0.9415816 0.9415775
677.6000000 0.9416296 0.9416297 0.9416278
677.7000000 0.9416765 0.9416767 0.9416771
677.8000000 0.9417034 0.9417035 0.9417036
677.9000000 0.9417364 0.9417364 0.9417365
678.0000000 0.9417902 0.9417904 0.9417908
678.1000000 0.9418382 0.9418383 0.9418389
678.2000000 0.9418759 0.9418759 0.9418761
678.3000000 0.9419137 0.9419104 0.9418955
678.4000000 0.9419514 0.9419417 0.9418978
678.5000000 0.9419890 0.9419812 0.9419347
678.6000000 0.9420264 0.9420252 0.9419901
678.7000000 0.9420630 0.9420616 0.9420249
678.8000000 0.9420994 0.9420961 0.9420542
678.9000000 0.9421206 0.9421189 0.9420947
679.0000000 0.9421432 0.9421432 0.9421370
679.1000000 0.9421972 0.9421973 0.9421924
679.2000000 0.9422475 0.9422477 0.9422436
679.3000000 0.9422842 0.9422843 0.9422793
679.4000000 0.9423211 0.9423197 0.9423078
679.5000000 0.9423584 0.9423526 0.9423230
679.6000000 0.9423945 0.9423885 0.9423566
679.7000000 0.9424294 0.9424275 0.9424092
679.8000000 0.9424611 0.9424508 0.9424031
679.9000000 0.9424909 0.9424647 0.9423623
680.0000000 0.9425206 0.9425017 0.9424066
680.1000000 0.9425502 0.9425456 0.9424769
680.2000000 0.9425946 0.9425894 0.9425447
680.3000000 0.9426399 0.9426321 0.9426083
680.4000000 0.9426677 0.9426494 0.9425750
680.5000000 0.9426971 0.9426717 0.9425583
680.6000000 0.9427341 0.9427174 0.9426192
680.7000000 0.9427675 0.9427535 0.9426539
680.8000000 0.9427931 0.9427682 0.9426301
680.9000000 0.9428283 0.9428047 0.9426779
681.0000000 0.9428754 0.9428684 0.9428148
681.1000000 0.9429153 0.9429119 0.9428854
681.2000000 0.9429498 0.9429407 0.9429081
681.3000000 0.9429762 0.9429695 0.9429339
681.4000000 0.9429992 0.9429983 0.9429610
681.5000000 0.9430296 0.9430035 0.9428882
681.6000000 0.9430614 0.9430045 0.9427974
681.7000000 0.9430997 0.9430555 0.9428911
681.8000000 0.9431375 0.9431051 0.9429801
681.9000000 0.9431700 0.9431352 0.9430036
682.0000000 0.9432012 0.9431694 0.9430428
682.1000000 0.9432284 0.9432161 0.9431311
682.2000000 0.9432594 0.9432513 0.9431748
682.3000000 0.9432968 0.9432672 0.9431447
682.4000000 0.9433275 0.9432828 0.9431139
682.5000000 0.9433516 0.9432981 0.9430825
682.6000000 0.9433708 0.9432938 0.9429982
682.7000000 0.9433871 0.9432784 0.9428838
682.8000000 0.9434305 0.9433501 0.9430466
682.9000000 0.9434821 0.9434483 0.9432938
683.0000000 0.9435050 0.9434597 0.9432505
683.1000000 0.9435255 0.9434632 0.9431810
683.2000000 0.9435808 0.9435497 0.9434070
683.3000000 0.9436303 0.9436204 0.9435761
683.4000000 0.9436478 0.9436028 0.9434304
683.5000000 0.9436708 0.9436092 0.9433666
683.6000000 0.9437074 0.9436769 0.9435129
683.7000000 0.9437426 0.9437331 0.9436374
683.8000000 0.9437756 0.9437726 0.9437302
683.9000000 0.9438000 0.9437689 0.9436336
684.0000000 0.9438170 0.9437278 0.9433721
684.1000000 0.9438552 0.9437642 0.9434065
684.2000000 0.9439043 0.9438404 0.9435927
684.3000000 0.9439182 0.9438214 0.9434652
684.4000000 0.9439227 0.9437765 0.9432526
684.5000000 0.9439792 0.9438634 0.9434518
684.6000000 0.9440396 0.9439607 0.9436835
684.7000000 0.9440674 0.9439937 0.9437171
684.8000000 0.9440972 0.9440283 0.9437547
684.9000000 0.9441373 0.9440713 0.9438135
685.0000000 0.9441731 0.9441187 0.9439097
685.1000000 0.9441979 0.9441777 0.9440999
685.2000000 0.9442373 0.9442352 0.9442226
685.3000000 0.9442979 0.9442906 0.9442473
685.4000000 0.9443176 0.9442517 0.9439990
685.5000000 0.9443010 0.9441291 0.9435086
685.6000000 0.9443491 0.9442064 0.9436867
685.7000000 0.9444317 0.9443904 0.9442216
685.8000000 0.9444797 0.9444495 0.9443242
685.9000000 0.9445177 0.9444721 0.9443001
686.0000000 0.9445425 0.9444889 0.9442773
686.1000000 0.9445655 0.9445046 0.9442545
686.2000000 0.9445664 0.9444928 0.9442238
686.3000000 0.9445645 0.9444806 0.9441952
686.4000000 0.9445444 0.9444665 0.9441803
686.5000000 0.9444982 0.9444196 0.9441146
686.6000000 0.9443760 0.9442763 0.9438997
686.7000000 0.9257353 0.9255510 0.9251116
686.8000000 0.8760424 0.8756671 0.8751795
686.9000000 0.7911507 0.7909494 0.7903598
687.0000000 0.6699233 0.6702728 0.6695256
687.1000000 0.6404777 0.6409467 0.6402116
687.2000000 0.6697091 0.6700221 0.6694074
687.3000000 0.7000377 0.7000059 0.6997092
687.4000000 0.7307773 0.7303300 0.7304254
687.5000000 0.7472199 0.7466173 0.7467796
687.6000000 0.7610276 0.7603178 0.7604869
687.7000000 0.7699234 0.7698262 0.7695580
687.8000000 0.7815854 0.7820465 0.7813865
687.9000000 0.8289631 0.8289749 0.8286906
688.0000000 0.8645942 0.8642580 0.8643282
688.1000000 0.8508135 0.8505562 0.8508918
688.2000000 0.8578765 0.8577026 0.8581234
688.3000000 0.9120056 0.9119252 0.9120241
688.4000000 0.9299316 0.9299368 0.9298156
688.5000000 0.8981249 0.8982047 0.8980032
688.6000000 0.8801253 0.8801631 0.8799744
688.7000000 0.8741211 0.8740156 0.8739205
688.8000000 0.8667540 0.8667149 0.8664253
688.9000000 0.8586479 0.8587890 0.8581484
689.0000000 0.8219263 0.8219692 0.8213692
689.1000000 0.7762283 0.7760860 0.7756493
689.2000000 0.8449735 0.8448493 0.8444854
689.3000000 0.9302929 0.9302161 0.9299121
689.4000000 0.8439151 0.8436651 0.8438566
689.5000000 0.7722280 0.7718369 0.7724431
689.6000000 0.8621344 0.8619348 0.8621372
689.7000000 0.9157952 0.9157111 0.9155757
689.8000000 0.8307954 0.8305357 0.8303149
689.9000000 0.8008688 0.8005345 0.8002363
690.0000000 0.8893624 0.8891705 0.8888117
690.1000000 0.9053972 0.9052497 0.9048794
690.2000000 0.8242494 0.8240148 0.8236983
690.3000000 0.8306849 0.8304414 0.8300744
690.4000000 0.9128470 0.9126621 0.9121543
690.5000000 0.8962429 0.8961662 0.8956370
690.6000000 0.8252687 0.8253274 0.8248427
690.7000000 0.8603627 0.8602300 0.8593270
690.8000000 0.9302317 0.9298005 0.9283276
690.9000000 0.9160469 0.9156648 0.9146598
691.0000000 0.8882597 0.8879830 0.8876139
691.1000000 0.8865869 0.8864152 0.8862222
691.2000000 0.8880915 0.8880036 0.8879074
691.3000000 0.9183232 0.9180559 0.9172597
691.4000000 0.9344715 0.9340352 0.9326025
691.5000000 0.8866589 0.8861021 0.8843203
691.6000000 0.8664311 0.8658208 0.8638760
691.7000000 0.9150692 0.9145729 0.9129294
691.8000000 0.9375497 0.9370623 0.9355565
691.9000000 0.9192925 0.9186501 0.9170274
692.0000000 0.9099462 0.9093542 0.9078027
692.1000000 0.9096718 0.9093391 0.9080505
692.2000000 0.9209387 0.9204984 0.9187692
692.3000000 0.9399154 0.9391225 0.9364828
692.4000000 0.9270710 0.9253358 0.9196144
692.5000000 0.9007816 0.8978551 0.8881346
692.6000000 0.9153114 0.9129867 0.9050984
692.7000000 0.9396709 0.9383796 0.9337279
692.8000000 0.9434291 0.9417887 0.9362468
692.9000000 0.9448955 0.9427499 0.9358484
693.0000000 0.9257892 0.9215418 0.9081426
693.1000000 0.9109100 0.9049364 0.8861839
693.2000000 0.9296650 0.9249552 0.9099537
693.3000000 0.9444253 0.9406737 0.9285193
693.4000000 0.9443825 0.9404567 0.9277998
693.5000000 0.9412261 0.9372822 0.9247422
693.6000000 0.9312307 0.9276117 0.9165493
693.7000000 0.9299603 0.9270542 0.9183420
693.8000000 0.9411068 0.9394661 0.9343460
693.9000000 0.9455386 0.9429891 0.9351271
694.0000000 0.9435701 0.9380395 0.9213983
694.1000000 0.9382606 0.9295662 0.9035294
694.2000000 0.9308218 0.9188472 0.8830221
694.3000000 0.9337985 0.9229705 0.8904770
694.4000000 0.9410492 0.9331845 0.9094067
694.5000000 0.9428176 0.9359561 0.9156117
694.6000000 0.9432729 0.9369453 0.9187691
694.7000000 0.9443390 0.9409651 0.9312432
694.8000000 0.9454666 0.9452973 0.9446807
694.9000000 0.9416713 0.9361437 0.9206972
695.0000000 0.9385036 0.9283205 0.8998882
695.1000000 0.9411864 0.9328998 0.9086734
695.2000000 0.9437191 0.9374770 0.9181981
695.3000000 0.9456220 0.9420455 0.9308248
695.4000000 0.9464121 0.9443261 0.9375959
695.5000000 0.9444467 0.9409413 0.9298669
695.6000000 0.9426436 0.9369406 0.9199333
695.7000000 0.9411029 0.9319449 0.9064371
695.8000000 0.9419102 0.9331030 0.9087719
695.9000000 0.9452986 0.9410256 0.9285083
696.0000000 0.9460379 0.9428541 0.9329200
696.1000000 0.9447781 0.9400840 0.9257680
696.2000000 0.9437932 0.9378135 0.9201419
696.3000000 0.9429480 0.9357970 0.9152915
696.4000000 0.9449144 0.9402536 0.9268911
696.5000000 0.9477905 0.9468050 0.9438142
696.6000000 0.9476335 0.9462904 0.9419443
696.7000000 0.9469306 0.9445044 0.9366928
696.8000000 0.9475908 0.9462878 0.9420742
696.9000000 0.9483222 0.9482473 0.9479671
697.0000000 0.9484894 0.9483956 0.9480427
697.1000000 0.9485414 0.9482817 0.9473889
697.2000000 0.9477510 0.9462513 0.9414046
697.3000000 0.9472763 0.9450081 0.9377110
697.4000000 0.9479870 0.9467215 0.9426209
697.5000000 0.9484956 0.9479543 0.9461691
697.6000000 0.9485315 0.9480639 0.9465351
697.7000000 0.9483717 0.9476381 0.9452890
697.8000000 0.9479039 0.9463694 0.9415058
697.9000000 0.9477957 0.9460214 0.9403873
698.0000000 0.9480818 0.9466834 0.9421921
698.1000000 0.9483476 0.9472895 0.9438624
698.2000000 0.9485978 0.9478525 0.9454291
698.3000000 0.9484045 0.9473404 0.9439059
698.4000000 0.9479744 0.9462544 0.9407333
698.5000000 0.9480197 0.9463080 0.9407911
698.6000000 0.9482332 0.9467646 0.9419914
698.7000000 0.9468848 0.9434824 0.9330309
698.8000000 0.9452050 0.9394069 0.9219146
698.9000000 0.9449702 0.9388249 0.9207639
699.0000000 0.9448771 0.9385854 0.9205906
699.1000000 0.9454968 0.9399728 0.9235606
699.2000000 0.9461544 0.9414569 0.9268568
699.3000000 0.9472128 0.9439696 0.9337279
699.4000000 0.9477374 0.9451783 0.9369806
699.5000000 0.9455545 0.9397726 0.9218818
699.6000000 0.9446281 0.9374578 0.9154456
699.7000000 0.9475057 0.9444997 0.9352324
699.8000000 0.9492274 0.9486816 0.9468866
699.9000000 0.9486174 0.9470934 0.9421333
700.0000000 0.9475189 0.9443670 0.9344582
700.1000000 0.9457289 0.9400293 0.9226467
700.2000000 0.9458317 0.9402488 0.9232286
700.3000000 0.9478576 0.9450986 0.9364030
700.4000000 0.9487430 0.9471984 0.9421107
700.5000000 0.9487939 0.9472864 0.9423565
700.6000000 0.9469417 0.9426964 0.9292783
700.7000000 0.9441025 0.9356807 0.9092910
700.8000000 0.9454948 0.9390221 0.9186494
700.9000000 0.9483817 0.9460217 0.9383727
701.0000000 0.9486486 0.9466456 0.9400876
701.1000000 0.9483362 0.9458599 0.9378207
701.2000000 0.9476950 0.9442500 0.9332062
701.3000000 0.9470165 0.9425468 0.9283261
701.4000000 0.9483000 0.9456493 0.9371743
701.5000000 0.9495220 0.9485996 0.9455821
701.6000000 0.9489229 0.9470613 0.9410750
701.7000000 0.9481025 0.9449999 0.9352032
701.8000000 0.9458445 0.9395402 0.9204677
701.9000000 0.9446141 0.9365594 0.9124358
702.0000000 0.9472317 0.9428626 0.9295117
702.1000000 0.9490779 0.9472916 0.9414709
702.2000000 0.9490122 0.9470758 0.9407501
702.3000000 0.9485063 0.9458043 0.9372438
702.4000000 0.9472306 0.9426862 0.9288658
702.5000000 0.9471534 0.9424778 0.9283203
702.6000000 0.9486047 0.9459802 0.9377641
702.7000000 0.9486832 0.9461046 0.9378184
702.8000000 0.9474674 0.9430438 0.9290190
702.9000000 0.9466274 0.9409649 0.9233477
703.0000000 0.9460492 0.9395700 0.9198559
703.1000000 0.9473428 0.9427010 0.9286065
703.2000000 0.9495856 0.9481272 0.9435657
703.3000000 0.9502949 0.9498192 0.9482346
703.4000000 0.9504573 0.9501795 0.9492338
703.5000000 0.9505454 0.9503812 0.9498161
703.6000000 0.9506161 0.9505457 0.9503008
703.7000000 0.9505608 0.9503650 0.9496855
703.8000000 0.9504888 0.9501385 0.9489241
703.9000000 0.9491600 0.9468099 0.9393531
704.0000000 0.9477918 0.9433858 0.9295183
704.1000000 0.9471686 0.9418613 0.9253546
704.2000000 0.9467829 0.9409119 0.9227836
704.3000000 0.9486016 0.9452984 0.9349916
704.4000000 0.9501328 0.9489838 0.9452358
704.5000000 0.9502372 0.9491901 0.9457351
704.6000000 0.9503685 0.9494716 0.9464772
704.7000000 0.9505863 0.9499943 0.9479979
704.8000000 0.9505719 0.9499241 0.9477655
704.9000000 0.9500334 0.9485158 0.9435764
705.0000000 0.9498231 0.9479444 0.9418503
705.1000000 0.9501578 0.9487625 0.9442135
705.2000000 0.9498652 0.9480095 0.9420292
705.3000000 0.9487879 0.9452910 0.9341556
705.4000000 0.9484505 0.9444228 0.9316549
705.5000000 0.9488181 0.9453180 0.9342743
705.6000000 0.9494459 0.9468439 0.9386259
705.7000000 0.9502628 0.9488279 0.9442354
705.8000000 0.9501081 0.9484158 0.9429385
705.9000000 0.9494211 0.9466909 0.9378579
706.0000000 0.9497968 0.9475508 0.9402577
706.1000000 0.9506017 0.9494547 0.9456794
706.2000000 0.9504561 0.9490707 0.9445172
706.3000000 0.9500391 0.9480336 0.9414757
706.4000000 0.9501341 0.9482364 0.9420205
706.5000000 0.9503244 0.9486698 0.9432326
706.6000000 0.9500239 0.9479157 0.9410327
706.7000000 0.9496736 0.9470408 0.9384859
706.8000000 0.9501847 0.9482468 0.9419022
706.9000000 0.9507093 0.9494858 0.9454152
707.0000000 0.9509204 0.9499786 0.9468477
707.1000000 0.9511130 0.9504249 0.9481410
707.2000000 0.9511358 0.9504455 0.9481575
707.3000000 0.9511091 0.9503400 0.9477996
707.4000000 0.9508237 0.9495769 0.9454897
707.5000000 0.9506442 0.9490811 0.9439699
707.6000000 0.9508339 0.9495169 0.9452044
707.7000000 0.9510119 0.9499292 0.9463723
707.8000000 0.9511601 0.9502821 0.9473725
707.9000000 0.9509499 0.9497250 0.9456803
708.0000000 0.9500597 0.9474422 0.9388817
708.1000000 0.9498613 0.9469051 0.9372653
708.2000000 0.9506766 0.9489264 0.9432427
708.3000000 0.9512168 0.9502525 0.9471387
708.4000000 0.9514414 0.9507803 0.9486443
708.5000000 0.9515777 0.9510943 0.9495137
708.6000000 0.9516343 0.9512146 0.9498071
708.7000000 0.9516292 0.9511636 0.9495883
708.8000000 0.9515800 0.9509904 0.9490041
708.9000000 0.9512163 0.9500330 0.9461511
709.0000000 0.9506770 0.9486379 0.9420319
709.1000000 0.9508656 0.9490766 0.9432817
709.2000000 0.9513670 0.9503030 0.9468378
709.3000000 0.9515858 0.9508271 0.9483436
709.4000000 0.9517138 0.9511252 0.9491902
709.5000000 0.9516314 0.9508829 0.9484320
709.6000000 0.9515008 0.9505165 0.9473056
709.7000000 0.9515687 0.9506264 0.9475204
709.8000000 0.9516663 0.9508078 0.9479366
709.9000000 0.9516111 0.9506574 0.9474714
710.0000000 0.9515436 0.9504801 0.9469347
710.1000000 0.9514640 0.9502275 0.9461341
710.2000000 0.9513925 0.9499958 0.9453973
710.3000000 0.9515517 0.9503918 0.9465918
710.4000000 0.9517054 0.9507719 0.9477313
710.5000000 0.9518038 0.9509881 0.9483063
710.6000000 0.9518483 0.9510668 0.9484725
710.7000000 0.9515683 0.9503144 0.9461704
710.8000000 0.9514270 0.9499160 0.9449277
710.9000000 0.9518580 0.9509788 0.9480582
711.0000000 0.9521353 0.9516416 0.9499832
711.1000000 0.9519449 0.9510871 0.9482410
711.2000000 0.9518273 0.9507445 0.9471752
711.3000000 0.9518802 0.9508978 0.9476931
711.4000000 0.9519800 0.9511517 0.9484547
711.5000000 0.9521668 0.9515917 0.9496676
711.6000000 0.9522523 0.9517787 0.9501595
711.7000000 0.9521868 0.9515882 0.9495760
711.8000000 0.9520673 0.9512703 0.9486286
711.9000000 0.9518824 0.9507977 0.9472393
712.0000000 0.9519081 0.9508194 0.9472628
712.1000000 0.9521433 0.9513326 0.9486913
712.2000000 0.9523054 0.9517023 0.9497332
712.3000000 0.9524078 0.9519548 0.9504595
712.4000000 0.9523876 0.9518678 0.9501578
712.5000000 0.9522855 0.9515538 0.9491686
712.6000000 0.9523417 0.9516603 0.9494162
712.7000000 0.9524841 0.9519960 0.9503377
712.8000000 0.9523981 0.9517485 0.9495641
712.9000000 0.9522119 0.9512447 0.9480463
713.0000000 0.9520925 0.9509153 0.9470199
713.1000000 0.9519964 0.9506464 0.9461644
713.2000000 0.9521004 0.9508571 0.9467378
713.3000000 0.9522580 0.9511965 0.9476947
713.4000000 0.9523585 0.9514551 0.9484951
713.5000000 0.9524476 0.9516977 0.9492645
713.6000000 0.9525359 0.9519172 0.9498727
713.7000000 0.9526241 0.9521335 0.9504589
713.8000000 0.9522774 0.9512305 0.9477820
713.9000000 0.9518954 0.9502364 0.9448396
714.0000000 0.9523178 0.9512582 0.9477798
714.1000000 0.9527572 0.9523228 0.9508446
714.2000000 0.9525446 0.9517533 0.9491296
714.3000000 0.9523356 0.9511932 0.9474420
714.4000000 0.9521895 0.9507916 0.9462152
714.5000000 0.9520906 0.9505076 0.9453323
714.6000000 0.9524218 0.9512944 0.9475783
714.7000000 0.9525949 0.9516907 0.9487066
714.8000000 0.9518067 0.9497133 0.9430391
714.9000000 0.9513023 0.9484379 0.9393658
715.0000000 0.9520657 0.9502980 0.9445998
715.1000000 0.9524641 0.9512508 0.9472211
715.2000000 0.9515982 0.9490615 0.9407951
715.3000000 0.9511930 0.9480173 0.9377124
715.4000000 0.9520674 0.9501543 0.9439171
715.5000000 0.9526741 0.9516425 0.9482422
715.6000000 0.9526701 0.9516505 0.9482797
715.7000000 0.9525710 0.9513966 0.9475188
715.8000000 0.9522910 0.9506441 0.9452374
715.9000000 0.9519172 0.9496661 0.9423412
716.0000000 0.9513927 0.9483253 0.9384562
716.1000000 0.9515228 0.9486118 0.9392446
716.2000000 0.9525501 0.9511289 0.9464400
716.3000000 0.9527416 0.9515669 0.9475897
716.4000000 0.9519507 0.9495613 0.9416341
716.5000000 0.9512346 0.9477349 0.9362235
716.6000000 0.9505942 0.9460900 0.9313642
716.7000000 0.9495116 0.9433943 0.9238226
716.8000000 0.9480431 0.9397816 0.9139400
716.9000000 0.9458006 0.9345645 0.9016131
717.0000000 0.9429749 0.9281385 0.8874444
717.1000000 0.9419213 0.9255406 0.8799628
717.2000000 0.9420196 0.9254312 0.8768280
717.3000000 0.9419838 0.9253009 0.8760222
717.4000000 0.9418728 0.9251590 0.8765191
717.5000000 0.9401805 0.9213192 0.8684293
717.6000000 0.9377301 0.9157070 0.8562238
717.7000000 0.9382786 0.9167471 0.8577531
717.8000000 0.9400511 0.9205024 0.8648884
717.9000000 0.9373121 0.9146803 0.8535522
718.0000000 0.9330190 0.9055588 0.8358528
718.1000000 0.9397445 0.9209838 0.8724930
718.2000000 0.9496349 0.9434594 0.9247412
718.3000000 0.9428996 0.9288103 0.8943129
718.4000000 0.9322493 0.9054193 0.8444166
718.5000000 0.9244449 0.8904533 0.8193937
718.6000000 0.9171769 0.8770751 0.7990588
718.7000000 0.9188564 0.8779247 0.7906814
718.8000000 0.9218390 0.8808462 0.7840453
718.9000000 0.9250461 0.8899930 0.8099846
719.0000000 0.9282771 0.8998022 0.8393907
719.1000000 0.9401546 0.9243794 0.8894888
719.2000000 0.9526412 0.9499968 0.9410443
719.3000000 0.9350249 0.9127483 0.8612208
719.4000000 0.9162861 0.8731554 0.7764978
719.5000000 0.9233975 0.8862352 0.7996161
719.6000000 0.9306884 0.8997443 0.8237465
719.7000000 0.9382719 0.9166617 0.8607311
719.8000000 0.9452230 0.9321274 0.8943171
719.9000000 0.9402484 0.9202152 0.8638114
720.0000000 0.9356110 0.9091902 0.8360110
720.1000000 0.9349571 0.9086452 0.8401694
720.2000000 0.9339978 0.9075182 0.8430957
720.3000000 0.9304402 0.9014401 0.8355414
720.4000000 0.9274796 0.8962804 0.8287723
720.5000000 0.9284517 0.8971697 0.8271747
720.6000000 0.9290684 0.8977788 0.8264789
720.7000000 0.9277892 0.8968932 0.8305941
720.8000000 0.9292149 0.9012542 0.8440071
720.9000000 0.9426846 0.9289768 0.8988212
721.0000000 0.9525918 0.9491534 0.9378165
721.1000000 0.9489651 0.9406626 0.9167168
721.2000000 0.9468138 0.9355982 0.9040313
721.3000000 0.9495244 0.9418241 0.9190714
721.4000000 0.9518850 0.9472890 0.9326283
721.5000000 0.9532320 0.9505507 0.9418911
721.6000000 0.9533189 0.9507886 0.9430837
721.7000000 0.9501667 0.9432543 0.9235334
721.8000000 0.9485713 0.9393929 0.9132087
721.9000000 0.9505587 0.9439844 0.9241151
722.0000000 0.9522541 0.9479442 0.9339475
722.1000000 0.9533433 0.9505931 0.9415512
722.2000000 0.9541901 0.9526477 0.9474443
722.3000000 0.9545806 0.9535836 0.9501172
722.4000000 0.9527995 0.9494121 0.9400840
722.5000000 0.9472909 0.9364738 0.9082404
722.6000000 0.9460338 0.9334843 0.9007664
722.7000000 0.9514609 0.9461365 0.9316076
722.8000000 0.9527488 0.9490672 0.9380584
722.9000000 0.9480525 0.9379432 0.9092472
723.0000000 0.9473948 0.9363464 0.9050248
723.1000000 0.9521249 0.9474591 0.9336046
723.2000000 0.9532955 0.9500919 0.9398209
723.3000000 0.9500708 0.9422536 0.9184224
723.4000000 0.9436214 0.9279746 0.8863973
723.5000000 0.9334761 0.9063134 0.8421923
723.6000000 0.9255959 0.8899831 0.8100304
723.7000000 0.9201317 0.8793390 0.7907136
723.8000000 0.9266494 0.8935861 0.8217615
723.9000000 0.9450875 0.9325972 0.9029168
724.0000000 0.9528022 0.9485326 0.9339399
724.1000000 0.9505438 0.9430075 0.9183397
724.2000000 0.9432045 0.9269212 0.8846701
724.3000000 0.9314391 0.9016351 0.8352598
724.4000000 0.9267721 0.8918306 0.8163848
724.5000000 0.9279078 0.8946823 0.8224721
724.6000000 0.9331528 0.9057640 0.8439132
724.7000000 0.9415561 0.9231710 0.8771546
724.8000000 0.9462592 0.9330471 0.8963479
724.9000000 0.9482842 0.9374723 0.9053729
725.0000000 0.9486269 0.9381310 0.9060299
725.1000000 0.9478209 0.9362181 0.9009731
725.2000000 0.9467614 0.9342154 0.8984873
725.3000000 0.9455383 0.9321547 0.8976603
725.4000000 0.9375253 0.9140519 0.8565035
725.5000000 0.9253661 0.8861532 0.7907200
725.6000000 0.9318325 0.9007600 0.8245973
725.7000000 0.9490801 0.9399709 0.9161629
725.8000000 0.9514069 0.9447876 0.9245655
725.9000000 0.9455333 0.9307013 0.8872621
726.0000000 0.9464468 0.9327636 0.8922488
726.1000000 0.9509077 0.9432664 0.9193394
726.2000000 0.9505371 0.9422822 0.9164032
726.3000000 0.9477609 0.9355788 0.8985171
726.4000000 0.9482460 0.9367053 0.9015020
726.5000000 0.9502805 0.9415518 0.9144024
726.6000000 0.9402443 0.9199441 0.8695970
726.7000000 0.9247266 0.8863232 0.7985868
726.8000000 0.9324017 0.9033293 0.8369768
726.9000000 0.9501623 0.9423506 0.9229397
727.0000000 0.9532212 0.9485489 0.9336095
727.1000000 0.9501467 0.9410536 0.9128678
727.2000000 0.9512942 0.9438042 0.9202495
727.3000000 0.9541349 0.9506637 0.9389096
727.4000000 0.9467625 0.9349015 0.9073938
727.5000000 0.9354450 0.9104009 0.8564960
727.6000000 0.9361792 0.9113311 0.8547339
727.7000000 0.9414069 0.9217436 0.8712928
727.8000000 0.9356133 0.9081816 0.8368110
727.9000000 0.9258440 0.8859715 0.7839178
728.0000000 0.9341337 0.9047503 0.8281121
728.1000000 0.9487402 0.9378663 0.9062659
728.2000000 0.9525199 0.9464151 0.9265798
728.3000000 0.9526186 0.9466110 0.9272282
728.4000000 0.9524505 0.9462605 0.9268484
728.5000000 0.9521940 0.9457290 0.9261279
728.6000000 0.9536214 0.9491662 0.9355309
728.7000000 0.9555940 0.9538880 0.9482111
728.8000000 0.9498078 0.9405255 0.9163959
728.9000000 0.9415611 0.9214276 0.8704691
729.0000000 0.9448656 0.9288883 0.8868915
729.1000000 0.9517692 0.9446240 0.9227407
729.2000000 0.9442017 0.9276475 0.8853275
729.3000000 0.9321917 0.9006285 0.8254232
729.4000000 0.9370770 0.9113015 0.8475756
729.5000000 0.9470877 0.9334091 0.8946215
729.6000000 0.9487274 0.9368778 0.9011288
729.7000000 0.9478501 0.9347420 0.8954465
729.8000000 0.9503718 0.9408138 0.9119048
729.9000000 0.9539097 0.9493391 0.9349820
730.0000000 0.9525605 0.9460662 0.9261982
730.1000000 0.9497542 0.9392759 0.9079157
730.2000000 0.9505319 0.9410980 0.9126193
730.3000000 0.9523785 0.9454887 0.9241782
730.4000000 0.9453082 0.9292691 0.8865854
730.5000000 0.9355694 0.9068815 0.8342832
730.6000000 0.9401171 0.9173144 0.8582524
730.7000000 0.9489681 0.9376337 0.9051965
730.8000000 0.9531968 0.9475269 0.9301014
730.9000000 0.9560197 0.9542494 0.9483039
731.0000000 0.9512501 0.9429132 0.9192430
731.1000000 0.9441423 0.9260154 0.8756263
731.2000000 0.9461346 0.9305585 0.8860379
731.3000000 0.9509734 0.9418080 0.9133486
731.4000000 0.9515137 0.9430405 0.9165400
731.5000000 0.9506846 0.9410816 0.9120471
731.6000000 0.9508536 0.9414727 0.9133693
731.7000000 0.9513475 0.9426286 0.9165837
731.8000000 0.9502522 0.9399735 0.9094656
731.9000000 0.9486272 0.9360483 0.8989039
732.0000000 0.9479624 0.9345985 0.8960916
732.1000000 0.9476262 0.9339959 0.8959312
732.2000000 0.9504087 0.9405682 0.9128073
732.3000000 0.9542900 0.9496683 0.9356854
732.4000000 0.9551166 0.9515932 0.9405310
732.5000000 0.9548325 0.9509095 0.9388210
732.6000000 0.9553921 0.9522602 0.9425378
732.7000000 0.9562689 0.9543758 0.9482951
732.8000000 0.9550911 0.9514364 0.9400010
732.9000000 0.9531124 0.9465265 0.9262298
733.0000000 0.9541395 0.9490143 0.9331555
733.1000000 0.9563835 0.9544977 0.9484618
733.2000000 0.9561139 0.9538027 0.9465041
733.3000000 0.9547848 0.9505036 0.9372698
733.4000000 0.9531184 0.9464483 0.9263115
733.5000000 0.9513038 0.9420607 0.9145954
733.6000000 0.9519559 0.9436538 0.9188552
733.7000000 0.9537410 0.9479943 0.9304535
733.8000000 0.9553675 0.9519189 0.9412205
733.9000000 0.9569178 0.9556434 0.9515877
734.0000000 0.9573185 0.9565937 0.9541666
734.1000000 0.9571396 0.9561451 0.9528182
734.2000000 0.9570185 0.9558084 0.9517804
734.3000000 0.9569282 0.9555308 0.9509069
734.4000000 0.9563616 0.9541284 0.9469962
734.5000000 0.9555297 0.9520992 0.9413928
734.6000000 0.9553770 0.9517108 0.9402994
734.7000000 0.9556232 0.9522862 0.9418550
734.8000000 0.9558797 0.9528755 0.9433836
734.9000000 0.9561427 0.9534735 0.9448954
735.0000000 0.9552426 0.9512497 0.9385432
735.1000000 0.9535802 0.9471760 0.9270354
735.2000000 0.9543439 0.9490385 0.9323738
735.3000000 0.9567923 0.9550228 0.9494092
735.4000000 0.9574358 0.9565556 0.9536423
735.5000000 0.9567499 0.9548096 0.9484452
735.6000000 0.9564351 0.9540062 0.9460838
735.7000000 0.9564108 0.9539408 0.9459422
735.8000000 0.9563353 0.9537431 0.9453966
735.9000000 0.9562171 0.9534353 0.9445145
736.0000000 0.9558995 0.9526474 0.9423241
736.1000000 0.9554046 0.9514328 0.9389708
736.2000000 0.9553081 0.9511681 0.9381303
736.3000000 0.9555900 0.9518054 0.9396763
736.4000000 0.9556337 0.9518810 0.9399072
736.5000000 0.9554350 0.9513853 0.9388005
736.6000000 0.9555242 0.9515791 0.9393401
736.7000000 0.9559278 0.9525258 0.9416770
736.8000000 0.9562356 0.9532688 0.9437025
736.9000000 0.9564308 0.9537726 0.9453621
737.0000000 0.9561581 0.9530905 0.9435535
737.1000000 0.9552925 0.9509056 0.9373501
737.2000000 0.9552002 0.9506388 0.9365102
737.3000000 0.9561685 0.9530022 0.9430244
737.4000000 0.9568879 0.9547494 0.9478472
737.5000000 0.9572371 0.9555793 0.9501523
737.6000000 0.9575258 0.9562732 0.9521200
737.7000000 0.9577165 0.9567465 0.9535405
737.8000000 0.9576521 0.9565745 0.9530378
737.9000000 0.9571352 0.9552573 0.9491222
738.0000000 0.9570042 0.9548967 0.9480100
738.1000000 0.9576261 0.9564026 0.9523675
738.2000000 0.9578581 0.9569424 0.9539060
738.3000000 0.9572488 0.9553985 0.9493641
738.4000000 0.9566552 0.9539102 0.9450435
738.5000000 0.9560991 0.9525552 0.9412542
738.6000000 0.9560561 0.9524588 0.9410477
738.7000000 0.9573940 0.9557498 0.9504843
738.8000000 0.9583695 0.9581402 0.9573210
738.9000000 0.9582412 0.9577868 0.9562379
739.0000000 0.9580351 0.9572458 0.9546255
739.1000000 0.9575576 0.9560505 0.9511665
739.2000000 0.9571040 0.9549152 0.9478700
739.3000000 0.9567471 0.9540236 0.9452319
739.4000000 0.9566215 0.9537029 0.9442627
739.5000000 0.9576052 0.9561211 0.9512990
739.6000000 0.9583278 0.9578917 0.9564559
739.7000000 0.9575292 0.9558903 0.9506653
739.8000000 0.9568778 0.9542528 0.9459135
739.9000000 0.9573063 0.9552837 0.9487790
740.0000000 0.9577253 0.9562931 0.9515956
740.1000000 0.9580517 0.9570924 0.9539340
