98	359.6000	0.0121691
98	359.9690	0.0165838
98	360.3380	0.02133
98	360.7070	0.0255058
98	361.0760	0.0285446
98	361.4450	0.0303369
98	361.8140	0.0304335
98	362.1830	0.0291146
98	362.5520	0.0264315
98	362.9210	0.0227387
98	363.2900	0.0187265
97	363.2900	0.0183688
97	363.6660	0.0250993
97	364.0420	0.0323077
97	364.4180	0.0385997
97	364.7940	0.0431009
97	365.1700	0.0456485
97	365.5460	0.0455883
97	365.9220	0.0433793
97	366.2980	0.0391425
97	366.6740	0.0334491
97	367.0500	0.0273497
96	367.0500	0.0268273
96	367.4350	0.03638
96	367.8200	0.0464577
96	368.2050	0.0550511
96	368.5900	0.0609538
96	368.9750	0.0640026
96	369.3600	0.0633613
96	369.7450	0.0597597
96	370.1300	0.053444
96	370.5150	0.0452625
96	370.9000	0.036678
95	370.9000	0.0359774
95	371.2920	0.0483358
95	371.6840	0.0611563
95	372.0760	0.0718054
95	372.4680	0.0787837
95	372.8600	0.0819828
95	373.2520	0.0804425
95	373.6440	0.0752072
95	374.0360	0.0666795
95	374.4280	0.0559922
95	374.8200	0.0449924
94	374.8200	0.044133
94	375.2210	0.0587972
94	375.6220	0.0737788
94	376.0230	0.0859252
94	376.4240	0.0935324
94	376.8250	0.0965863
94	377.2260	0.094074
94	377.6270	0.087332
94	378.0280	0.0769114
94	378.4290	0.0641772
94	378.8300	0.0512661
93	378.8300	0.0502868
93	379.2400	0.0666237
93	379.6500	0.0831751
93	380.0600	0.0964202
93	380.4700	0.1045151
93	380.8800	0.1075152
93	381.2900	0.1043542
93	381.7000	0.0965679
93	382.1100	0.0847984
93	382.5200	0.0705697
93	382.9300	0.056234
92	382.9300	0.0551598
92	383.3480	0.0729079
92	383.7660	0.0908204
92	384.1840	0.105065
92	384.6020	0.1136621
92	385.0200	0.1167068
92	385.4380	0.1130754
92	385.8560	0.1044629
92	386.2740	0.0915851
92	386.6920	0.0761023
92	387.1100	0.0605554
91	387.1100	0.0593987
91	387.5380	0.0784034
91	387.9660	0.0975391
91	388.3940	0.1126977
91	388.8220	0.1217753
91	389.2500	0.1248961
91	389.6780	0.120879
91	390.1060	0.1115568
91	390.5340	0.0977081
91	390.9620	0.0811145
91	391.3900	0.0644872
90	391.3900	0.0632554
90	391.8270	0.0834234
90	392.2640	0.103704
90	392.7010	0.1197371
90	393.1380	0.129302
90	393.5750	0.1325456
90	394.0120	0.1282266
90	394.4490	0.1182975
90	394.8860	0.1035872
90	395.3230	0.085983
90	395.7600	0.0683546
89	395.7600	0.067049
89	396.2070	0.0884318
89	396.6540	0.1099471
89	397.1010	0.1269771
89	397.5480	0.1371669
89	397.9950	0.1406678
89	398.4420	0.1361539
89	398.8890	0.1256859
89	399.3360	0.1101313
89	399.7830	0.0914841
89	400.2300	0.0727884
88	400.2300	0.071398
88	400.6880	0.0942554
88	401.1460	0.1173023
88	401.6040	0.1356081
88	402.0620	0.1466397
88	402.5200	0.1505341
88	402.9780	0.1458465
88	403.4360	0.1347592
88	403.8940	0.1181848
88	404.3520	0.0982517
88	404.8100	0.0782275
87	404.8100	0.0767332
87	405.2770	0.1013564
87	405.7440	0.1261954
87	406.2110	0.1459299
87	406.6780	0.1578147
87	407.1450	0.1619833
87	407.6120	0.1568769
87	408.0790	0.144852
87	408.5460	0.1269091
87	409.0130	0.1053626
87	409.4800	0.0837449
86	409.4800	0.0821453
86	409.9590	0.1082735
86	410.4380	0.1344576
86	410.9170	0.1549805
86	411.3960	0.1669129
86	411.8750	0.1704279
86	412.3540	0.1639733
86	412.8330	0.1501733
86	413.3120	0.1302611
86	413.7910	0.1068424
86	414.2700	0.0836956
85	414.2700	0.0820969
85	414.7610	0.1063055
85	415.2520	0.1292689
85	415.7430	0.1453863
85	416.2340	0.1521938
85	416.7250	0.1503973
85	417.2160	0.1393602
85	417.7070	0.1222216
85	418.1980	0.1008341
85	418.6890	0.0780124
85	419.1800	0.0570442
84	419.1800	0.035725
84	419.6820	0.0510986
84	420.1840	0.0683662
84	420.6860	0.0843933
84	421.1880	0.0968649
84	421.6900	0.1049853
84	422.1920	0.1068772
84	422.6940	0.1033117
84	423.1960	0.0944105
84	423.6980	0.0814825
84	424.2000	0.0671211
83	424.2000	0.065839
83	424.7140	0.0897529
83	425.2280	0.1149662
83	425.7420	0.1363726
83	426.2560	0.1508697
83	426.7700	0.1580116
83	427.2840	0.1557762
83	427.7980	0.146085
83	428.3120	0.1297112
83	428.8260	0.108913
83	429.3400	0.0873773
82	429.3400	0.0857083
82	429.8660	0.1138241
82	430.3920	0.1421489
82	430.9180	0.1645409
82	431.4440	0.1778302
82	431.9700	0.1821936
82	432.4960	0.1759844
82	433.0220	0.1619963
82	433.5480	0.1414867
82	434.0740	0.1171356
82	434.6000	0.0929041
81	434.6000	0.0911295
81	435.1400	0.1199832
81	435.6800	0.1490331
81	436.2200	0.1720592
81	436.7600	0.1858801
81	437.3000	0.190677
81	437.8400	0.1846105
81	438.3800	0.1704332
81	438.9200	0.1492992
81	439.4600	0.1239161
81	440.0000	0.0984374
80	440.0000	0.0965571
80	440.5540	0.1271502
80	441.1080	0.1577109
80	441.6620	0.1815778
80	442.2160	0.1954211
80	442.7700	0.1995546
80	443.3240	0.1922365
80	443.8780	0.1765463
80	444.4320	0.1538548
80	444.9860	0.1270774
80	445.5400	0.1005152
79	445.5400	0.0985952
79	446.1070	0.1293598
79	446.6740	0.1599846
79	447.2410	0.1837844
79	447.8080	0.1974764
79	448.3750	0.2014401
79	448.9420	0.1939444
79	449.5090	0.178094
79	450.0760	0.155245
79	450.6430	0.1283005
79	451.2100	0.101565
78	451.2100	0.099625
78	451.7920	0.1308432
78	452.3740	0.1620043
78	452.9560	0.1863327
78	453.5380	0.2004667
78	454.1200	0.204745
78	454.7020	0.1973593
78	455.2840	0.1814238
78	455.8660	0.1582898
78	456.4480	0.1309043
78	457.0300	0.1036686
77	457.0300	0.1016884
77	457.6280	0.1335701
77	458.2260	0.1653476
77	458.8240	0.1900733
77	459.4220	0.2043014
77	460.0200	0.2083838
77	460.6180	0.2005158
77	461.2160	0.1839325
77	461.8140	0.1600832
77	462.4120	0.1320259
77	463.0100	0.1042501
76	463.0100	0.1022587
76	463.6230	0.1338952
76	464.2360	0.165214
76	464.8490	0.1893036
76	465.4620	0.2028257
76	466.0750	0.2062456
76	466.6880	0.1978878
76	467.3010	0.1810356
76	467.9140	0.1571714
76	468.5270	0.1293293
76	469.1400	0.1019092
75	469.1400	0.0999626
75	469.7700	0.1306383
75	470.4000	0.1609233
75	471.0300	0.1841199
75	471.6600	0.1970355
75	472.2900	0.2001716
75	472.9200	0.1919357
75	473.5500	0.1755291
75	474.1800	0.1523853
75	474.8100	0.1254277
75	475.4400	0.0988978
74	475.4400	0.0970088
74	476.0860	0.126908
74	476.7320	0.1565466
74	477.3780	0.1794284
74	478.0240	0.1924231
74	478.6700	0.1959699
74	479.3160	0.1884364
74	479.9620	0.1728714
74	480.6080	0.1505965
74	481.2540	0.1244113
74	481.9000	0.0984692
73	481.9000	0.0965883
73	482.5650	0.1268549
73	483.2300	0.1570865
73	483.8950	0.180715
73	484.5600	0.194472
73	485.2250	0.198671
73	485.8900	0.1915457
73	486.5550	0.1761143
73	487.2200	0.1536888
73	487.8850	0.1271309
73	488.5500	0.1007135
72	488.5500	0.0987897
72	489.2330	0.1298225
72	489.9160	0.1608092
72	490.5990	0.1850102
72	491.2820	0.1990733
72	491.9650	0.2033273
72	492.6480	0.1959768
72	493.3310	0.180121
72	494.0140	0.1571142
72	494.6970	0.1298952
72	495.3800	0.1028404
71	495.3800	0.100876
71	496.0830	0.1324715
71	496.7860	0.1639664
71	497.4890	0.1884926
71	498.1920	0.2026555
71	498.8950	0.2068179
71	499.5980	0.1991834
71	500.3010	0.1829305
71	501.0040	0.159455
71	501.7070	0.131752
71	502.4100	0.104261
70	502.4100	0.1022695
70	503.1330	0.1342553
70	503.8560	0.1661438
70	504.5790	0.1909933
70	505.3020	0.2053786
70	506.0250	0.209671
70	506.7480	0.2020388
70	507.4710	0.1856844
70	508.1940	0.1619969
70	508.9170	0.1339892
70	509.6400	0.1061541
69	509.6400	0.1041264
69	510.3840	0.1368728
69	511.1280	0.1696232
69	511.8720	0.1952834
69	512.6160	0.2103135
69	513.3600	0.2150422
69	514.1040	0.2075372
69	514.8480	0.1910334
69	515.5920	0.1669182
69	516.3360	0.138265
69	517.0800	0.1096976
68	517.0800	0.1076023
68	517.8460	0.1416368
68	518.6120	0.1757504
68	519.3780	0.2025714
68	520.1440	0.2183873
68	520.9100	0.2234975
68	521.6760	0.2158601
68	522.4420	0.1988147
68	523.2080	0.1737956
68	523.9740	0.1440046
68	524.7400	0.114268
67	524.7400	0.1120853
67	525.5290	0.1475375
67	526.3180	0.1830449
67	527.1070	0.2109197
67	527.8960	0.2272961
67	528.6850	0.2324966
67	529.4740	0.2244164
67	530.2630	0.2065534
67	531.0520	0.1804238
67	531.8410	0.1493759
67	532.6300	0.1184307
66	532.6300	0.1161685
66	533.4430	0.1527781
66	534.2560	0.1893805
66	535.0690	0.2180306
66	535.8820	0.2347599
66	536.6950	0.2399368
66	537.5080	0.2314239
66	538.3210	0.2128593
66	539.1340	0.1858237
66	539.9470	0.1537727
66	540.7600	0.1218716
65	540.7600	0.1195436
65	541.5980	0.1571756
65	542.4360	0.1948037
65	543.2740	0.2242689
65	544.1120	0.2414992
65	544.9500	0.2468742
65	545.7880	0.2381858
65	546.6260	0.2191614
65	547.4640	0.1914099
65	548.3020	0.1584731
65	549.1400	0.1256628
64	549.1400	0.1232624
64	550.0050	0.162158
64	550.8700	0.2010964
64	551.7350	0.231639
64	552.6000	0.2495452
64	553.4650	0.2551694
64	554.3300	0.2462014
64	555.1950	0.2264851
64	556.0600	0.1976853
64	556.9250	0.1634717
64	557.7900	0.1293651
63	557.7900	0.126894
63	558.6820	0.1664069
63	559.5740	0.2054373
63	560.4660	0.2351969
63	561.3580	0.2510308
63	562.2500	0.2527625
63	563.1420	0.2379254
63	564.0340	0.2107695
63	564.9260	0.1740632
63	565.8180	0.1332296
63	566.7100	0.095877
62	566.7100	0.0940456
62	567.6310	0.1108585
62	568.5520	0.1238501
62	569.4730	0.1320903
62	570.3940	0.1389669
62	571.3150	0.1469666
62	572.2360	0.1516163
62	573.1570	0.1504531
62	574.0780	0.1402379
62	574.9990	0.1208669
62	575.9200	0.0964104
61	575.9200	0.0945689
61	576.8720	0.1211419
61	577.8240	0.1421154
61	578.7760	0.150842
61	579.7280	0.1461125
61	580.6800	0.1312813
61	581.6320	0.1088496
61	582.5840	0.0842361
61	583.5360	0.060769
61	584.4880	0.0411937
61	585.4400	0.0270505
60	585.4400	0.1024979
60	586.4240	0.1310898
60	587.4080	0.159409
60	588.3920	0.1815627
60	589.3760	0.1949387
60	590.3600	0.2001032
60	591.3440	0.1950695
60	592.3280	0.1823162
60	593.3120	0.162437
60	594.2960	0.1376547
60	595.2800	0.1119992
59	595.2800	0.1098598
59	596.2970	0.1486122
59	597.3140	0.1894149
59	598.3310	0.2237646
59	599.3480	0.2463478
59	600.3650	0.2561735
59	601.3820	0.2500452
59	602.3990	0.2316563
59	603.4160	0.2028937
59	604.4330	0.1678859
59	605.4500	0.1326832
58	605.4500	0.1301488
58	606.5030	0.170252
58	607.5560	0.2096466
58	608.6090	0.2396601
58	609.6620	0.2563293
58	610.7150	0.2605422
58	611.7680	0.250224
58	612.8210	0.229354
58	613.8740	0.1996078
58	614.9270	0.1646658
58	615.9800	0.1300416
57	615.9800	0.1275577
57	617.0700	0.1669621
57	618.1600	0.2057673
57	619.2500	0.2352003
57	620.3400	0.2509944
57	621.4300	0.2537836
57	622.5200	0.2418173
57	623.6100	0.2195198
57	624.7000	0.1890532
57	625.7900	0.1543405
57	626.8800	0.1207313
56	626.8800	0.1184251
56	628.0100	0.1537483
56	629.1400	0.1884184
56	630.2700	0.2148771
56	631.4000	0.2296881
56	632.5300	0.2335277
56	633.6600	0.2244715
56	634.7900	0.2060803
56	635.9200	0.1798059
56	637.0500	0.1488577
56	638.1800	0.1181045
55	638.1800	0.1158485
55	639.3500	0.1525417
55	640.5200	0.1893364
55	641.6900	0.2182185
55	642.8600	0.2350985
55	644.0300	0.2402276
55	645.2000	0.231395
55	646.3700	0.2122603
55	647.5400	0.1845247
55	648.7100	0.1518089
55	649.8800	0.1194014
54	649.8800	0.1171206
54	651.0950	0.1524758
54	652.3100	0.1867893
54	653.5250	0.2122526
54	654.7400	0.2253637
54	655.9550	0.2270153
54	657.1700	0.2157851
54	658.3850	0.1956657
54	659.6000	0.1685355
54	660.8150	0.1377854
54	662.0300	0.1080531
53	662.0300	0.1059891
53	663.2910	0.1380815
53	664.5520	0.1699026
53	665.8130	0.1945832
53	667.0740	0.2088517
53	668.3350	0.2131847
53	669.5960	0.2057034
53	670.8570	0.1895546
53	672.1180	0.1659827
53	673.3790	0.1378904
53	674.6400	0.1097709
52	674.6400	0.1076741
52	675.9490	0.142264
52	677.2580	0.1771817
52	678.5670	0.2049128
52	679.8760	0.2215361
52	681.1850	0.227184
52	682.4940	0.2196739
52	683.8030	0.2023645
52	685.1120	0.1767456
52	686.4210	0.1461618
52	687.7300	0.1156322
51	687.7300	0.1134234
51	689.0920	0.148687
51	690.4540	0.1835364
51	691.8160	0.2102362
51	693.1780	0.2250788
51	694.5400	0.2286312
51	695.9020	0.2191147
51	697.2640	0.2002425
51	698.6260	0.1737054
51	699.9880	0.142877
51	701.3500	0.1126015
50	701.3500	0.1104507
50	702.9200	0.1444222
50	704.4900	0.1781472
50	706.0600	0.2042864
50	707.6300	0.2192881
50	709.2000	0.2236149
50	710.7700	0.2153369
50	712.3400	0.1978503
50	713.9100	0.1725936
50	715.4800	0.1427398
50	717.0500	0.1130565
49	715.5100	0.1106653
49	717.1280	0.1454039
49	718.7460	0.1800514
49	720.3640	0.2070157
49	721.9820	0.2225096
49	723.6000	0.2268992
49	725.2180	0.2182167
49	726.8360	0.199996
49	728.4540	0.173857
49	730.0720	0.1431725
49	731.6900	0.1128546
48	730.2600	0.1109645
48	731.9270	0.1450665
48	733.5940	0.1786861
48	735.2610	0.2043707
48	736.9280	0.2185868
48	738.5950	0.2219221
48	740.2620	0.2126534
48	741.9290	0.1943654
48	743.5960	0.1686624
48	745.2630	0.1387841
48	746.9300	0.1094144
47	745.6300	0.1075308
47	747.3490	0.1406257
47	749.0680	0.1734285
47	750.7870	0.1987461
47	752.5060	0.2131058
47	754.2250	0.2169789
47	755.9440	0.2085454
47	757.6630	0.1911787
47	759.3820	0.1663578
47	761.1010	0.1372195
47	762.8200	0.108392
46	761.6700	0.1063624
46	763.4440	0.1393585
46	765.2180	0.1720882
46	766.9920	0.1973432
46	768.7660	0.2116169
46	770.5400	0.2153595
46	772.3140	0.2067899
46	774.0880	0.1893172
46	775.8620	0.164478
46	777.6360	0.1354384
46	779.4100	0.1068034
45	778.4000	0.1048986
45	780.2330	0.1372029
45	782.0660	0.1691621
45	783.8990	0.1937391
45	785.7320	0.2075597
45	787.5650	0.2111228
45	789.3980	0.2027077
45	791.2310	0.1856464
45	793.0640	0.1614076
45	794.8970	0.133048
45	796.7300	0.1050495
44	795.8900	0.103089
44	797.7840	0.1350201
44	799.6780	0.1667074
44	801.5720	0.1911868
44	803.4660	0.2050628
44	805.3600	0.2087565
44	807.2540	0.2005145
44	809.1480	0.1836107
44	811.0420	0.159517
44	812.9360	0.1313082
44	814.8300	0.1034699
43	811.7300	0.101968
43	813.9350	0.1332572
43	816.1400	0.164052
43	818.3450	0.1874747
43	820.5500	0.2002646
43	822.7550	0.2029654
43	824.9600	0.1940378
43	827.1650	0.1768273
43	829.3700	0.1528865
43	831.5750	0.1252552
43	833.7800	0.0982436